-0.4625 0.0197108 -0.0572577 167 211 190
-0.461209 0.0216808 -0.0559926 150 182 188
-0.460624 0.0237466 -0.0554215 147 157 170
-0.462136 0.0261454 -0.0569134 149 149 168
-0.460154 0.0279792 -0.0549682 146 159 172
-0.454797 0.0292052 -0.0497007 157 189 187
-0.447652 0.0300474 -0.0426739 175 216 190
-0.455729 0.0125649 -0.0535488 206 237 181
-0.456522 0.0147964 -0.0543416 152 140 169
-0.457318 0.0170396 -0.0551375 129 109 142
-0.457429 0.0191953 -0.0552531 95 111 142
-0.45754 0.021354 -0.0553688 82 113 146
-0.456965 0.0234085 -0.0548032 83 111 145
-0.454354 0.0251281 -0.0522184 84 113 146
-0.453119 0.0270488 -0.0509983 84 114 146
-0.451894 0.0289579 -0.0497875 88 116 149
-0.446115 0.0300332 -0.0440582 101 117 152
-0.438058 0.0306153 -0.0360666 133 118 154
-0.424625 0.0300672 -0.0227395 151 150 165
-0.421371 0.0313775 -0.0195155 182 203 181
-0.448701 0.00976715 -0.0495026 181 183 170
-0.449468 0.0119565 -0.0502764 112 123 143
-0.450902 0.0142453 -0.0517185 84 110 145
-0.45101 0.0163693 -0.0518333 78 111 143
-0.451118 0.0184963 -0.0519483 78 110 144
-0.451227 0.0206263 -0.0520634 77 113 144
-0.450007 0.022551 -0.0508492 79 112 146
-0.448796 0.0244642 -0.0496443 77 113 146
-0.447595 0.0263658 -0.0484487 81 113 146
-0.444472 0.0279183 -0.0453291 83 115 147
-0.440154 0.0292181 -0.041014 85 116 149
-0.431743 0.0297011 -0.0326011 86 118 149
-0.422062 0.0298376 -0.0229165 91 118 150
-0.418846 0.0311459 -0.0197026 109 120 152
-0.416232 0.0325404 -0.0170925 144 152 160
-0.414193 0.0340259 -0.0150574 211 199 182
-0.442523 0.00712883 -0.0462185 185 185 168
-0.443908 0.00935923 -0.0476242 103 116 141
-0.445304 0.0116094 -0.0490407 75 109 147
-0.446058 0.0137929 -0.0498103 76 111 146
-0.446816 0.0159876 -0.0505831 77 110 147
-0.44627 0.018004 -0.0500399 74 108 146
-0.445727 0.0200157 -0.049499 74 108 144
-0.445833 0.0221245 -0.049614 73 112 146
-0.444003 0.02392 -0.0477749 71 111 149
-0.443469 0.0259142 -0.0472428 79 111 147
-0.439155 0.0272397 -0.0428956 84 112 145
-0.436784 0.0288672 -0.0405101 79 113 147
-0.429674 0.0295768 -0.0333394 79 114 148
-0.420071 0.029717 -0.0236507 82 114 148
-0.417423 0.0311332 -0.0209846 84 114 148
-0.415357 0.0326386 -0.018906 88 115 146
-0.413851 0.0342389 -0.0173921 121 120 152
-0.412887 0.0359409 -0.0164266 182 193 169
-0.438474 0.00682252 -0.0450297 119 122 142
-0.439833 0.00903525 -0.0464215 77 109 144
-0.440568 0.0111867 -0.0471783 72 107 147
-0.441305 0.013349 -0.0479382 73 108 145
-0.442046 0.0155225 -0.0487011 71 109 146
-0.441513 0.0175209 -0.0481676 72 109 146
-0.440983 0.0195148 -0.0476363 71 107 146
-0.439824 0.0214045 -0.0464654 70 107 146
-0.436811 0.0229773 -0.0434061 71 108 143
-0.435682 0.0248357 -0.0422662 71 109 147
-0.433349 0.0264692 -0.0398991 74 113 149
-0.429271 0.0277571 -0.0357557 73 112 148
-0.424149 0.0287994 -0.0305487 73 111 145
-0.419189 0.0298117 -0.0255057 76 109 142
-0.417088 0.0313392 -0.0233748 78 110 144
-0.415556 0.0329603 -0.0218229 79 112 145
-0.414039 0.0345673 -0.020287 82 113 142
-0.41307 0.0362771 -0.0193075 108 117 149
-0.414233 0.0384581 -0.020501 199 186 167
-0.432555 0.00427782 -0.0418674 160 146 167
-0.433873 0.00644989 -0.0432302 85 106 140
-0.435201 0.00864088 -0.0446033 73 109 142
-0.435919 0.0107718 -0.0453507 72 106 145
-0.43664 0.0129134 -0.0461011 70 108 146
-0.436742 0.0149787 -0.0462156 68 108 147
-0.436224 0.0169561 -0.0456936 68 107 145
-0.435708 0.018929 -0.0451737 68 106 149
-0.434581 0.0208001 -0.0440258 70 109 147
-0.432855 0.0225603 -0.0422632 69 108 146
-0.431748 0.0244068 -0.0411368 69 113 147
-0.429459 0.0260317 -0.038796 68 108 148
-0.427204 0.027636 -0.0364892 71 107 147
-0.423831 0.0290023 -0.0330353 70 109 145
-0.417751 0.0297987 -0.0268007 72 105 144
-0.416204 0.0314364 -0.0252208 77 111 147
-0.414673 0.0330599 -0.0236575 76 111 146
-0.413693 0.0347841 -0.0226604 76 111 142
-0.413254 0.0366168 -0.0222184 83 111 143
-0.413886 0.0386885 -0.0228768 115 122 155
-0.429257 0.00406389 -0.0413508 142 111 141
-0.429954 0.00615357 -0.0420833 77 109 142
-0.431257 0.00832751 -0.0434431 74 106 140
-0.431961 0.0104423 -0.0441838 74 108 143
-0.432669 0.0125677 -0.0449275 72 107 143
-0.433379 0.0147038 -0.045674 70 107 144
-0.432869 0.0166709 -0.0451569 67 106 143
-0.431755 0.0185407 -0.0440141 67 104 147
-0.43005 0.0203042 -0.0422587 70 106 149
-0.428363 0.0220512 -0.0405227 71 109 148
-0.427282 0.0238829 -0.0394137 84 120 151
-0.426209 0.0257042 -0.0383129 76 111 148
-0.423987 0.0273024 -0.0360229 70 110 145
-0.420666 0.0286652 -0.0325932 68 107 143
-0.416314 0.0297856 -0.0280958 67 105 144
-0.415317 0.0315339 -0.0270734 70 109 145
-0.414327 0.0332728 -0.0260582 74 108 145
-0.413344 0.0350023 -0.0250503 73 110 145
-0.412903 0.0368411 -0.0246036 75 111 145
-0.413535 0.0389205 -0.0252693 83 114 145
-0.413631 0.0408837 -0.0253791 185 179 154
-0.426486 0.00190718 -0.0413419 216 224 179
-0.426584 0.00391736 -0.0414552 120 104 139
-0.426681 0.00593033 -0.0415686 74 109 142
-0.427963 0.00809168 -0.04292 70 105 141
-0.428657 0.0101945 -0.0436566 69 109 146
-0.428755 0.012227 -0.0437712 69 107 145
-0.429452 0.0143469 -0.0445111 68 106 145
-0.429551 0.0163888 -0.0446262 68 106 146
-0.428454 0.0182496 -0.0434926 67 107 145
-0.426775 0.0200051 -0.0417506 66 105 149
-0.424532 0.0216477 -0.0394196 67 109 147
-0.424049 0.0235675 -0.0389274 75 124 155
-0.423569 0.0254833 -0.0384372 72 111 147
-0.421943 0.0271829 -0.036751 68 106 146
-0.419771 0.0287593 -0.0344934 68 103 147
-0.415972 0.029989 -0.0305358 65 104 142
-0.414972 0.0317427 -0.0295022 67 105 143
-0.413978 0.0334871 -0.028476 70 106 145
-0.413532 0.0353387 -0.028021 72 109 144
-0.413087 0.0371867 -0.0275677 74 107 143
-0.412644 0.039031 -0.0271162 79 112 143
-0.413277 0.0411243 -0.0277897 118 128 157
-0.425004 0.00189144 -0.0426775 186 211 183
-0.4251 0.00390176 -0.0427918 100 108 136
-0.425196 0.00591486 -0.0429062 82 121 148
-0.425881 0.0080034 -0.0436409 72 105 141
-0.426569 0.0101024 -0.0443785 67 106 142
-0.42726 0.0122119 -0.0451189 68 105 144
-0.427357 0.0142473 -0.0452346 65 104 144
-0.42686 0.0161976 -0.0447249 67 103 143
-0.426366 0.0181435 -0.0442171 66 105 147
-0.425286 0.0199907 -0.0430923 70 107 148
-0.423053 0.0216335 -0.0407525 72 111 147
-0.421996 0.0234539 -0.0396526 67 107 146
-0.420948 0.025264 -0.0385607 70 106 145
-0.419341 0.0269588 -0.0368808 76 113 146
-0.417752 0.0286385 -0.035219 74 110 149
-0.415077 0.0300846 -0.0324135 67 103 143
-0.414624 0.0319531 -0.0319482 65 104 142
-0.413627 0.0337029 -0.0309108 69 102 142
-0.413179 0.0355608 -0.0304509 72 103 142
-0.412732 0.0374149 -0.0299927 74 107 144
-0.412287 0.0392654 -0.0295363 77 111 142
-0.412921 0.0413665 -0.0302173 99 119 158
-0.423521 0.0018757 -0.0440134 173 196 177
-0.423616 0.00388617 -0.0441285 99 106 129
-0.423711 0.00589942 -0.0442439 102 118 144
-0.424393 0.00798804 -0.044982 79 109 146
-0.425667 0.010164 -0.0463504 68 104 140
-0.425763 0.0121968 -0.0464668 65 103 143
-0.426453 0.014317 -0.0472135 67 103 143
-0.426549 0.0163591 -0.0473305 66 102 143
-0.424872 0.0181289 -0.0455629 65 103 143
-0.424381 0.0200707 -0.0450557 66 104 146
-0.42215 0.0217161 -0.0426986 66 104 145
-0.421094 0.0235395 -0.0415906 66 105 146
-0.420045 0.0253527 -0.0404906 67 104 143
-0.419005 0.0271557 -0.0393988 69 107 144
-0.41741 0.0288405 -0.0377185 66 109 148
-0.415833 0.0305101 -0.0360563 67 105 145
-0.414823 0.0322778 -0.0349959 70 109 143
-0.413819 0.0340359 -0.0339432 68 106 144
-0.413367 0.0359031 -0.0334765 71 106 142
-0.412916 0.0377665 -0.0330116 71 104 140
-0.412468 0.0396262 -0.0325484 77 111 142
-0.412562 0.0416105 -0.0326621 92 120 155
-0.422621 0.00192153 -0.0459738 166 156 152
-0.422132 0.00387055 -0.0454655 97 105 120
-0.422809 0.00595284 -0.0462066 83 108 135
-0.423489 0.00804557 -0.0469507 94 111 152
-0.424172 0.0101487 -0.0476975 76 103 142
-0.424267 0.0121817 -0.0478149 69 105 142
-0.424953 0.014302 -0.0485651 69 104 143
-0.425048 0.0163443 -0.048683 70 105 142
-0.423965 0.0182057 -0.0475374 66 104 144
-0.423473 0.0201511 -0.0470266 65 103 143
-0.421822 0.0218963 -0.0452716 65 104 144
-0.420188 0.0236256 -0.0435357 67 104 143
-0.41914 0.0254418 -0.0424278 67 103 142
-0.418099 0.0272479 -0.0413279 69 104 140
-0.417067 0.0290439 -0.0402361 69 103 141
-0.415485 0.0307185 -0.0385555 70 104 142
-0.414471 0.0324919 -0.0374835 72 107 143
-0.413464 0.0342555 -0.0364191 72 108 145
-0.41301 0.0361291 -0.0359474 71 106 140
-0.413103 0.0381218 -0.0360625 75 109 142
-0.41265 0.0399909 -0.0355924 91 112 146
-0.4122 0.0418562 -0.0351242 107 116 153
-0.422301 0.00202946 -0.0485731 153 115 126
-0.422395 0.00405128 -0.0486908 95 106 117
-0.422489 0.00607585 -0.0488087 82 103 123
-0.422582 0.00810328 -0.0489267 79 108 131
-0.423264 0.0102106 -0.0496795 78 101 143
-0.423358 0.0122474 -0.0497981 71 104 142
-0.424042 0.0143718 -0.0505543 72 106 140
-0.424729 0.016507 -0.0513133 70 104 139
-0.423053 0.0182827 -0.0495193 65 103 143
-0.422562 0.0202317 -0.0490049 69 106 142
-0.420911 0.0219799 -0.0472368 69 103 144
-0.419278 0.0237119 -0.0454881 70 103 142
-0.4188 0.0256349 -0.0449879 68 106 143
-0.41719 0.0273404 -0.0432642 70 108 142
-0.416158 0.0291394 -0.0421645 71 108 143
-0.414577 0.0308166 -0.0404714 73 106 143
-0.413563 0.0325929 -0.0393917 70 110 141
-0.412557 0.0343595 -0.0383197 69 109 141
-0.412649 0.0363567 -0.0384359 67 105 143
-0.412742 0.0383566 -0.0385524 104 106 151
-0.412288 0.040232 -0.0380772 92 116 150
-0.411835 0.0421036 -0.0376039 111 126 150
-0.422568 0.00220086 -0.0518327 127 110 119
-0.422072 0.00416759 -0.0513109 92 106 114
-0.421579 0.00612993 -0.0507911 85 102 117
-0.420505 0.00801481 -0.0496388 79 99 123
-0.420598 0.0100415 -0.0497577 75 100 130
-0.421858 0.0122322 -0.0511491 73 100 137
-0.421952 0.014272 -0.0512688 71 104 138
-0.423221 0.0164921 -0.0526712 71 101 138
-0.421553 0.018268 -0.0508707 69 102 139
-0.421064 0.0202172 -0.0503548 71 104 138
-0.41942 0.0219656 -0.0485803 70 107 142
-0.418365 0.0237985 -0.0474477 70 103 141
-0.417318 0.025621 -0.0463236 67 104 143
-0.415715 0.0273267 -0.0445936 72 106 142
-0.415246 0.0292352 -0.0440999 68 105 141
-0.414222 0.0310272 -0.0430002 69 102 142
-0.413205 0.0328093 -0.0419085 67 103 142
-0.412195 0.0345815 -0.0408248 72 111 145
-0.412287 0.0365858 -0.0409424 115 119 151
-0.412378 0.0385931 -0.0410602 95 117 160
-0.411922 0.0404748 -0.0405798 89 114 131
-0.411467 0.0423527 -0.0401013 140 133 143
-0.425133 0.000572788 -0.0576336 174 135 121
-0.424027 0.00250145 -0.0564371 114 115 121
-0.423523 0.00448602 -0.0559028 90 106 118
-0.420666 0.00618418 -0.052781 88 100 114
-0.419593 0.00807246 -0.0516202 83 98 115
-0.419684 0.010103 -0.0517403 77 99 122
-0.419776 0.0121363 -0.0518605 74 98 129
-0.420451 0.014257 -0.0526209 75 113 138
-0.421714 0.0164772 -0.0540293 89 109 139
-0.420636 0.0183454 -0.0528627 71 105 138
-0.420728 0.0203938 -0.0529839 66 101 137
-0.419079 0.0221478 -0.0511894 72 107 140
-0.418021 0.0239868 -0.0500443 76 104 140
-0.41754 0.0259201 -0.049535 73 105 141
-0.415927 0.0276336 -0.0477792 74 105 138
-0.415454 0.029552 -0.0472781 70 102 139
-0.413863 0.0312394 -0.0455473 73 104 140
-0.413398 0.0331432 -0.0450541 85 109 142
-0.41183 0.034805 -0.0433479 80 130 150
-0.412472 0.0369391 -0.0440734 83 104 151
-0.412012 0.0388312 -0.043586 85 107 131
-0.412103 0.0408485 -0.0437053 92 109 128
-0.412195 0.0428687 -0.0438247 171 152 137
-0.427155 -0.00115388 -0.0629065 180 133 124
-0.425421 0.000739021 -0.0610048 155 118 105
-0.424306 0.00267807 -0.0597899 128 122 117
-0.4232 0.00460547 -0.0585843 96 101 119
-0.420334 0.00630894 -0.0554271 89 99 114
-0.418676 0.00813032 -0.0536091 86 97 110
-0.418767 0.0101647 -0.0537303 79 96 113
-0.418858 0.0122019 -0.0538517 76 94 119
-0.41895 0.014242 -0.0539733 74 93 121
-0.419623 0.0163734 -0.0547402 76 94 125
-0.419132 0.0183306 -0.054217 69 100 133
-0.419224 0.0203792 -0.0543391 62 96 134
-0.418158 0.0222322 -0.0531769 66 96 133
-0.4171 0.0240744 -0.0520234 67 98 133
-0.416619 0.0260112 -0.0515106 77 103 135
-0.415007 0.0277274 -0.0497418 94 108 137
-0.415098 0.0297606 -0.049863 93 121 142
-0.414062 0.0315671 -0.0487345 75 112 146
-0.413593 0.0334808 -0.0482338 75 101 138
-0.412569 0.03527 -0.0471176 82 97 127
-0.41266 0.0372962 -0.0472384 82 105 126
-0.41275 0.0393253 -0.0473593 84 103 125
-0.412286 0.0412262 -0.0468644 95 110 124
-0.412932 0.043392 -0.0476017 204 166 141
-0.427983 -0.00302756 -0.0669102 187 167 142
-0.426843 -0.00105419 -0.0656575 154 101 104
-0.425103 0.000845427 -0.0637341 160 129 112
-0.423383 0.00272656 -0.0618324 147 123 111
-0.422277 0.00465756 -0.0606178 106 109 120
-0.419413 0.00636382 -0.057437 91 97 115
-0.417756 0.00818839 -0.0556055 85 97 109
-0.417846 0.0102267 -0.0557279 81 97 108
-0.416782 0.0121061 -0.0545586 78 95 110
-0.415725 0.0139746 -0.053398 77 92 113
-0.418117 0.0163585 -0.0560962 74 90 116
-0.417052 0.018224 -0.054926 71 90 117
-0.417143 0.020269 -0.0550489 66 91 120
-0.416658 0.0222178 -0.0545283 68 92 121
-0.416175 0.0241623 -0.0540099 68 90 121
-0.415125 0.0259972 -0.0528565 73 90 123
-0.414083 0.0278216 -0.0517117 79 96 124
-0.414173 0.0298586 -0.051834 82 93 120
-0.4137 0.0317831 -0.0513258 77 96 120
-0.413228 0.0337035 -0.0508196 76 100 122
-0.412201 0.0354984 -0.049691 83 99 118
-0.412849 0.0376571 -0.0504377 85 99 116
-0.412939 0.0396973 -0.0505603 89 103 117
-0.412471 0.041608 -0.0500579 100 112 125
-0.41312 0.0437863 -0.0508058 230 185 148
-0.428203 -0.00497888 -0.0702705 215 175 155
-0.427054 -0.00298954 -0.0689986 158 121 126
-0.425301 -0.00107086 -0.067046 149 99 99
-0.424175 0.000890674 -0.0657987 167 142 119
-0.422455 0.00277523 -0.0638828 150 140 117
-0.420755 0.00464156 -0.0619885 115 132 118
-0.417323 0.00627759 -0.0581398 89 106 113
-0.414535 0.00795329 -0.0550176 85 93 110
-0.414054 0.00990412 -0.0544979 81 92 107
-0.413575 0.0118507 -0.0539804 79 91 106
-0.413098 0.013793 -0.0534649 75 92 105
-0.413753 0.0159045 -0.0542258 71 93 111
-0.413276 0.0178451 -0.0537102 72 91 112
-0.41393 0.0199696 -0.0544718 69 88 113
-0.414019 0.0220064 -0.054595 68 88 115
-0.414108 0.0240461 -0.0547185 69 89 113
-0.413631 0.0259832 -0.0542027 74 91 112
-0.413156 0.0279162 -0.0536889 77 92 114
-0.413245 0.029957 -0.0538124 76 93 112
-0.413334 0.0320006 -0.0539361 77 93 114
-0.413424 0.0340471 -0.05406 78 94 117
-0.412389 0.0358507 -0.0529145 82 99 114
-0.41304 0.0380219 -0.0536721 87 98 115
-0.413129 0.0400734 -0.0537962 92 104 119
-0.412658 0.0419939 -0.0532863 127 110 124
-0.413309 0.0441849 -0.0540451 201 176 144
-0.426648 -0.00499603 -0.0716705 210 151 115
-0.425504 -0.00300647 -0.0703943 158 102 106
-0.424369 -0.00102916 -0.0691279 149 103 104
-0.422638 0.000874208 -0.0671831 170 150 127
-0.420926 0.00275901 -0.0652604 159 133 131
-0.418644 0.00455758 -0.0626887 148 113 119
-0.414666 0.00612171 -0.0581864 110 112 113
-0.411911 0.00779284 -0.0550761 86 100 112
-0.410875 0.00966153 -0.0539215 79 92 110
-0.409293 0.0114412 -0.0521443 78 91 109
-0.409379 0.0134485 -0.0522667 76 90 107
-0.410021 0.0155443 -0.0530208 73 88 107
-0.410108 0.0175609 -0.0531438 71 89 106
-0.411312 0.019767 -0.0545377 70 88 109
-0.411961 0.0218942 -0.0553006 71 88 111
-0.412612 0.0240319 -0.0560664 70 89 108
-0.412701 0.0260746 -0.0561909 72 90 107
-0.412225 0.028011 -0.0556736 75 89 108
-0.412877 0.0301685 -0.0564406 72 91 110
-0.412402 0.0321032 -0.0559231 78 93 108
-0.41249 0.0341536 -0.0560482 82 97 112
-0.412017 0.0360833 -0.0555327 84 98 112
-0.412105 0.0381357 -0.0556578 86 100 118
-0.412194 0.0401911 -0.0557832 105 105 125
-0.412283 0.0422492 -0.0559087 145 144 129
-0.412935 0.0444489 -0.056676 167 130 130
-0.426242 -0.00701528 -0.0743615 207 203 171
-0.425094 -0.00501319 -0.0730708 206 151 114
-0.423955 -0.0030234 -0.0717902 161 97 104
-0.422824 -0.00104587 -0.0705195 145 96 102
-0.421101 0.00085772 -0.0685678 166 127 113
-0.418803 0.00267794 -0.0659576 171 140 121
-0.415958 0.00440649 -0.0627181 157 122 118
-0.412028 0.00596694 -0.0582329 131 103 113
-0.409306 0.00763358 -0.0551344 99 109 113
-0.408282 0.00949625 -0.0539847 81 95 115
-0.406718 0.0112705 -0.0522145 77 93 112
-0.406804 0.0132708 -0.0523374 75 90 112
-0.407438 0.0153588 -0.0530898 72 92 108
-0.408074 0.0174571 -0.0538451 72 87 105
-0.409267 0.0196591 -0.05524 71 87 107
-0.410468 0.0218799 -0.0566453 70 88 107
-0.411116 0.0240177 -0.0574145 72 88 108
-0.411203 0.0260606 -0.05754 74 92 110
-0.411291 0.0281062 -0.0576657 76 93 110
-0.411941 0.030268 -0.0584386 76 92 110
-0.411466 0.0322062 -0.0579176 76 92 110
-0.412117 0.0343811 -0.0586914 81 97 113
-0.411641 0.0363176 -0.0581702 80 100 115
-0.411729 0.0383777 -0.0582968 98 104 120
-0.411817 0.0404406 -0.0584235 133 129 127
-0.411905 0.0425065 -0.0585505 164 136 122
-0.411994 0.0445752 -0.0586776 162 122 113
-0.413213 0.046934 -0.0601052 228 187 143
-0.423451 -0.00712765 -0.0743415 181 173 160
-0.422317 -0.0051326 -0.0730568 196 156 122
-0.421797 -0.00309518 -0.0724829 164 94 103
-0.420676 -0.00112097 -0.0712129 148 96 102
-0.418372 0.000718236 -0.0685738 157 114 104
-0.416103 0.00253286 -0.0659743 175 145 122
-0.413292 0.00425651 -0.0627475 171 137 120
-0.409408 0.00581332 -0.0582793 160 115 111
-0.406719 0.00747548 -0.0551925 121 113 105
-0.405708 0.00933211 -0.0540476 107 107 109
-0.404162 0.0111011 -0.0522844 86 96 112
-0.404246 0.0130943 -0.0524078 79 93 114
-0.405416 0.0152593 -0.053788 75 96 113
-0.406046 0.0173538 -0.0545442 70 92 112
-0.40778 0.0196447 -0.0565791 69 88 113
-0.408976 0.0218656 -0.0579902 67 90 112
-0.41018 0.0241055 -0.0594116 70 92 113
-0.410266 0.0261522 -0.0595383 76 90 112
-0.410915 0.0283116 -0.060317 77 93 111
-0.411567 0.0304818 -0.0610986 76 93 113
-0.411089 0.0324268 -0.0605717 78 94 114
-0.411741 0.0346103 -0.0613542 85 97 119
-0.411263 0.0365536 -0.0608272 94 111 118
-0.41135 0.0386214 -0.0609552 133 110 123
-0.411437 0.040692 -0.0610834 152 126 125
-0.411525 0.0427656 -0.0612117 169 139 123
-0.411612 0.044842 -0.0613403 155 107 112
-0.412266 0.0470657 -0.0621252 204 163 135
-0.420681 -0.00723917 -0.0743219 164 143 151
-0.41956 -0.0052511 -0.0730431 185 154 122
-0.419047 -0.00322103 -0.0724723 163 98 100
-0.417939 -0.00125363 -0.0712082 149 99 99
-0.415663 0.000579822 -0.06858 148 99 103
-0.413422 0.00238885 -0.065991 164 125 119
-0.410645 0.00410762 -0.0627769 161 138 123
-0.407362 0.0057292 -0.0589724 176 137 121
-0.40579 0.00753149 -0.0571638 168 132 115
-0.404779 0.00939145 -0.0560107 134 119 109
-0.403775 0.0112408 -0.0548661 119 107 110
-0.403859 0.0132413 -0.0549909 116 108 111
-0.40503 0.0154148 -0.0563864 89 96 109
-0.405661 0.0175174 -0.0571509 76 93 114
-0.407398 0.0198176 -0.0592084 76 94 117
-0.408595 0.0220474 -0.0606351 76 93 116
-0.40924 0.0241937 -0.0614164 78 94 114
-0.409887 0.0263507 -0.0622006 81 96 116
-0.409973 0.0284079 -0.0623289 83 98 115
-0.410623 0.0305824 -0.0631166 82 98 116
-0.410144 0.032531 -0.0625861 90 101 112
-0.410795 0.0347188 -0.0633746 118 103 113
-0.410317 0.0366656 -0.0628439 126 130 119
-0.410403 0.0387373 -0.0629731 151 115 123
-0.410489 0.0408119 -0.0631025 170 144 127
-0.411141 0.0430266 -0.0638927 161 130 119
-0.411228 0.0451108 -0.0640227 152 100 107
-0.411882 0.0473433 -0.0648165 211 164 129
-0.417931 -0.00734984 -0.0743026 169 172 150
-0.416825 -0.00536872 -0.0730298 180 149 122
-0.415726 -0.00339968 -0.0717666 163 96 100
-0.414637 -0.00144253 -0.0705132 149 96 99
-0.411821 0.000322279 -0.0672279 148 95 100
-0.410191 0.00218284 -0.0653372 143 98 105
-0.407457 0.00389419 -0.0621477 150 117 120
-0.405875 0.00571372 -0.0603126 151 130 119
-0.404309 0.00751624 -0.0584977 169 137 123
-0.403303 0.00937638 -0.0573407 169 140 125
-0.402843 0.0113036 -0.0568283 163 122 119
-0.402926 0.0133079 -0.0569542 141 113 118
-0.404095 0.0154857 -0.0583603 112 112 107
-0.404724 0.0175923 -0.0591307 101 105 111
-0.405906 0.0198032 -0.0605528 110 100 111
-0.407097 0.022033 -0.0619853 120 101 111
-0.408296 0.0242821 -0.0634286 128 110 111
-0.408381 0.0263366 -0.0635577 129 107 112
-0.408465 0.028394 -0.0636869 144 116 117
-0.409112 0.0305686 -0.0644781 116 115 114
-0.409197 0.0326355 -0.064608 109 117 115
-0.409282 0.0347053 -0.064738 147 109 107
-0.409367 0.036778 -0.0648683 157 128 112
-0.409452 0.0388536 -0.0649987 168 141 128
-0.410102 0.041066 -0.0657947 174 137 128
-0.410188 0.0431513 -0.0659257 159 104 112
-0.41084 0.0453815 -0.0667252 157 100 109
-0.410927 0.0474766 -0.0668568 216 162 125
-0.416389 -0.00736701 -0.0756922 171 170 147
-0.415287 -0.0053857 -0.074415 175 147 128
-0.414193 -0.00341642 -0.0731476 162 95 99
-0.413108 -0.00145909 -0.07189 152 95 97
-0.410306 0.00030603 -0.0685928 149 96 97
-0.408118 0.00210403 -0.0660247 134 96 94
-0.405962 0.00387847 -0.0634945 139 93 98
-0.404387 0.00569822 -0.061653 147 108 108
-0.403373 0.00757243 -0.060479 162 133 116
-0.402367 0.00943588 -0.0593138 184 150 135
-0.401908 0.0113666 -0.0587978 236 195 156
-0.401989 0.0133747 -0.0589249 187 179 153
-0.403156 0.0155568 -0.0603416 163 126 115
-0.403783 0.0176675 -0.061118 140 116 110
-0.404963 0.0198828 -0.0625508 142 108 104
-0.406152 0.0221172 -0.0639943 155 111 107
-0.406791 0.0242679 -0.064785 159 112 116
-0.407433 0.0264293 -0.0655787 161 115 131
-0.407516 0.0284906 -0.0657092 171 119 128
-0.408161 0.0306695 -0.0665065 176 132 118
-0.408245 0.0327403 -0.0666376 168 139 122
-0.408329 0.0348141 -0.0667689 167 139 124
-0.408414 0.0368908 -0.0669003 171 142 126
-0.408498 0.0389704 -0.0670319 175 140 129
-0.408583 0.0410529 -0.0671637 162 104 114
-0.408667 0.0431384 -0.0672957 157 97 105
-0.409882 0.0455113 -0.068772 154 104 114
-0.409967 0.0476103 -0.0689049 198 158 133
-0.41544 -0.00733766 -0.0777927 160 168 164
-0.414338 -0.00535253 -0.0765062 162 141 139
-0.413245 -0.00337953 -0.0752296 157 97 100
-0.41158 -0.00147564 -0.073267 153 96 100
-0.409361 0.000349674 -0.070641 148 94 101
-0.407175 0.00215083 -0.068054 148 101 102
-0.405021 0.00392833 -0.0655051 144 95 101
-0.403447 0.00575127 -0.0636502 140 90 96
-0.402434 0.00762885 -0.0624678 138 113 113
-0.401428 0.00949562 -0.0612941 198 164 150
-0.400968 0.0114298 -0.0607746 201 205 171
-0.40159 0.0135238 -0.0615509 162 161 138
-0.402758 0.0157145 -0.0629833 163 128 123
-0.403386 0.0178334 -0.0637683 161 134 118
-0.404568 0.0200575 -0.065217 160 141 120
-0.405203 0.0222017 -0.0660107 160 137 126
-0.405841 0.0243566 -0.0668075 173 173 157
-0.406481 0.0265223 -0.0676075 236 232 205
-0.406564 0.0285875 -0.0677391 204 203 192
-0.406647 0.0306556 -0.067871 186 149 137
-0.40673 0.0327266 -0.068003 174 143 130
-0.406813 0.0348006 -0.0681352 177 139 127
-0.406338 0.0367512 -0.0675977 166 128 124
-0.406421 0.0388272 -0.06773 160 103 113
-0.406505 0.040906 -0.0678626 157 95 107
-0.407147 0.0431254 -0.068666 155 100 108
-0.407792 0.0453559 -0.0694724 157 114 124
-0.409571 0.047892 -0.0716418 194 178 158
-0.414487 -0.00730817 -0.0799016 162 146 142
-0.413386 -0.00531925 -0.0786056 161 147 144
-0.412293 -0.00334247 -0.0773195 154 100 102
-0.410629 -0.00143506 -0.0753424 152 95 98
-0.407842 0.000333396 -0.0720089 150 98 103
-0.405667 0.00213479 -0.0694127 151 98 101
-0.403523 0.00391256 -0.0668548 150 100 106
-0.402503 0.00580449 -0.065655 150 96 103
-0.402036 0.00775763 -0.0651233 148 103 114
-0.401027 0.00963086 -0.0639367 224 155 140
-0.401107 0.011651 -0.0640664 166 139 141
-0.401731 0.013757 -0.0648539 142 124 122
-0.402357 0.0158734 -0.0656445 146 114 116
-0.403536 0.0180918 -0.0671035 167 133 117
-0.404169 0.0202335 -0.0679029 171 133 119
-0.404805 0.0223861 -0.0687055 182 149 135
-0.404887 0.0244457 -0.0688377 189 181 163
-0.404968 0.0265081 -0.0689702 244 234 223
-0.40505 0.0285735 -0.0691028 246 255 231
-0.405132 0.0306418 -0.0692356 201 146 142
-0.405214 0.0327129 -0.0693686 160 126 128
-0.404741 0.0346647 -0.0688296 162 105 116
-0.404823 0.0367379 -0.0689627 161 98 107
-0.404905 0.0388139 -0.069096 157 99 107
-0.404987 0.040893 -0.0692296 155 100 109
-0.405626 0.0431125 -0.0700364 154 107 116
-0.406827 0.0454856 -0.0715248 200 136 136
-0.408604 0.0480272 -0.0737106 185 180 162
-0.414124 -0.00723153 -0.0827431 209 184 139
-0.413019 -0.00523518 -0.0814322 173 125 126
-0.411337 -0.0033053 -0.0794176 158 107 104
-0.409674 -0.00139436 -0.0774259 154 97 99
-0.407459 0.000437462 -0.0747609 153 100 102
-0.405277 0.00224491 -0.0721357 152 98 103
-0.402575 0.00396257 -0.0688758 152 100 108
-0.401555 0.00585794 -0.0676673 152 99 107
-0.401635 0.00788736 -0.0677985 153 104 109
-0.400622 0.00976711 -0.0665987 188 150 136
-0.400702 0.0117948 -0.0667298 160 152 166
-0.401326 0.0139088 -0.0675261 149 97 101
-0.402502 0.0161214 -0.0689954 135 92 100
-0.402582 0.0181687 -0.0691278 140 94 94
-0.403214 0.0203147 -0.0699334 150 95 93
-0.403294 0.0223716 -0.0700665 158 106 109
-0.403375 0.0244314 -0.0701997 168 117 132
-0.404566 0.0267094 -0.0716879 254 209 178
-0.40409 0.0286708 -0.0711431 216 244 211
-0.404171 0.030743 -0.0712771 182 110 121
-0.404253 0.0328182 -0.0714113 159 107 111
-0.403779 0.0347734 -0.0708686 158 99 109
-0.403308 0.0367245 -0.070328 161 102 108
-0.403389 0.0388007 -0.0704622 158 99 110
-0.404023 0.0410136 -0.0712722 158 101 108
-0.404105 0.0430995 -0.0714071 203 133 128
-0.40642 0.0457592 -0.0742709 178 195 177
-0.4082 0.048312 -0.0764811 207 189 157
-0.415479 -0.00912687 -0.0876837 212 170 148
-0.413759 -0.00715431 -0.0856066 197 147 133
-0.41265 -0.00515049 -0.0842808 175 120 111
-0.410962 -0.0032136 -0.0822432 162 110 106
-0.409294 -0.0012958 -0.0802289 157 104 103
-0.407072 0.000542269 -0.0775339 153 98 103
-0.404884 0.00235585 -0.0748791 152 99 105
-0.402174 0.00407895 -0.0715829 158 104 112
-0.401152 0.00598101 -0.0703609 159 107 113
-0.400682 0.00794484 -0.0698196 156 100 107
-0.400215 0.00990434 -0.0692805 160 99 111
-0.399749 0.0118595 -0.0687435 159 100 107
-0.400372 0.0139777 -0.0695458 152 100 103
-0.400997 0.0161065 -0.0703513 146 97 97
-0.401625 0.018246 -0.0711599 137 95 98
-0.401704 0.0203001 -0.0712937 140 92 101
-0.402334 0.022457 -0.0721058 151 102 106
-0.402414 0.0245207 -0.0722403 162 112 137
-0.403047 0.0266951 -0.0730561 210 219 179
-0.403127 0.0287684 -0.0731911 184 140 145
-0.403207 0.0308446 -0.0733264 163 107 115
-0.403287 0.0329237 -0.0734618 158 103 110
-0.402814 0.0348826 -0.0729152 158 98 108
-0.402342 0.0368372 -0.0723709 159 103 108
-0.402422 0.0389174 -0.0725064 157 98 111
-0.402503 0.0410005 -0.0726421 157 102 112
-0.403136 0.0432246 -0.0734586 172 140 134
-0.405447 0.0458903 -0.076344 167 184 175
-0.407793 0.0485989 -0.0792727 203 191 160
-0.415116 -0.0090564 -0.0905933 208 158 143
-0.41339 -0.00707652 -0.0884923 193 146 127
-0.412277 -0.00506513 -0.0871514 176 127 115
-0.410584 -0.00312121 -0.0850906 163 111 108
-0.408911 -0.00119649 -0.0830534 159 107 103
-0.406683 0.000647898 -0.0803279 154 101 104
-0.404488 0.0024676 -0.0776433 153 99 105
-0.401771 0.00419622 -0.0743102 155 97 104
-0.400196 0.00603504 -0.0723934 154 97 108
-0.399181 0.0079294 -0.0711718 162 110 112
-0.398716 0.00988905 -0.0706312 163 109 116
-0.398793 0.0119244 -0.0707647 155 101 111
-0.398871 0.0139627 -0.0708984 152 98 109
-0.399492 0.0160916 -0.0717073 150 98 105
-0.39957 0.0181393 -0.0718416 148 98 103
-0.400194 0.0202855 -0.0726541 150 97 106
-0.400821 0.0224425 -0.0734698 155 98 105
-0.400899 0.0245064 -0.0736051 164 102 111
-0.402081 0.0267892 -0.0751107 174 100 116
-0.40216 0.0288664 -0.075247 161 103 113
-0.402239 0.0309466 -0.0753835 159 103 111
-0.402318 0.0330297 -0.0755201 161 103 110
-0.401294 0.034869 -0.074285 161 102 108
-0.400824 0.0368238 -0.0737391 158 101 108
-0.401452 0.0390345 -0.0745582 157 103 108
-0.401532 0.0411216 -0.0746952 160 103 106
-0.401611 0.0432117 -0.0748323 161 114 125
-0.405032 0.046167 -0.0791238 158 168 158
-0.407383 0.048888 -0.0820853 205 155 130
-0.41475 -0.00898539 -0.0935258 206 162 147
-0.413018 -0.0069981 -0.0914007 195 140 127
-0.411902 -0.00497913 -0.0900443 180 135 121
-0.410794 -0.00297273 -0.0886986 167 116 110
-0.409108 -0.00103774 -0.0866301 164 109 105
-0.406865 0.000816129 -0.0838629 160 106 103
-0.404089 0.00258021 -0.0804285 158 102 103
-0.40081 0.0042472 -0.0763643 155 100 102
-0.399237 0.00608927 -0.0744336 152 96 104
-0.398223 0.00798706 -0.0732032 155 108 112
-0.397216 0.00987375 -0.0719821 158 111 118
-0.397293 0.0119093 -0.0721166 167 119 121
-0.397369 0.0139477 -0.0722512 165 124 124
-0.397446 0.0159889 -0.0723861 154 99 107
-0.398064 0.0181245 -0.0731988 152 97 105
-0.398684 0.0202709 -0.0740148 155 95 104
-0.399307 0.022428 -0.0748339 158 101 109
-0.399932 0.024596 -0.0756562 168 110 116
-0.401111 0.0268835 -0.0771732 173 115 118
-0.401189 0.0289648 -0.0773106 165 110 113
-0.401267 0.031049 -0.0774483 161 103 111
-0.401346 0.0331361 -0.0775862 169 117 121
-0.400322 0.0349786 -0.0763422 163 111 118
-0.399851 0.0369368 -0.0757924 157 101 108
-0.400478 0.039152 -0.0766179 158 101 107
-0.400557 0.0412431 -0.076756 162 109 108
-0.400635 0.0433372 -0.0768944 163 117 127
-0.404614 0.0464457 -0.0819246 165 186 167
-0.406397 0.0490268 -0.0842018 216 177 145
-0.414381 -0.00891382 -0.0964814 213 178 150
-0.412643 -0.00691911 -0.0943318 193 137 126
-0.412121 -0.00484019 -0.0937153 183 137 127
-0.410411 -0.00287852 -0.0915987 172 121 114
-0.40872 -0.000936496 -0.0895066 167 114 106
-0.40647 0.00092377 -0.086708 164 110 104
-0.403686 0.00269364 -0.0832348 159 105 104
-0.399846 0.00429835 -0.0784264 156 105 105
-0.398273 0.00614373 -0.0764816 154 100 103
-0.39726 0.00804494 -0.0752423 154 94 105
-0.396254 0.00993503 -0.0740124 155 99 104
-0.395792 0.0118941 -0.0734686 157 103 108
-0.395867 0.0139327 -0.0736042 157 100 112
-0.395943 0.015974 -0.07374 155 97 104
-0.396019 0.0180182 -0.073876 153 96 103
-0.396633 0.0201606 -0.0746927 155 96 106
-0.397792 0.0224135 -0.0761982 158 109 112
-0.39896 0.024686 -0.0777151 165 116 121
-0.40069 0.0270876 -0.0799425 171 121 125
-0.400767 0.0291768 -0.0800815 163 110 117
-0.400845 0.0312689 -0.0802207 157 104 111
-0.400922 0.0333639 -0.08036 158 105 114
-0.400446 0.0353369 -0.0797995 157 101 108
-0.399972 0.0373056 -0.0792413 159 101 108
-0.40005 0.0394017 -0.0793808 161 109 109
-0.400128 0.0415007 -0.0795204 163 112 110
-0.400206 0.0436027 -0.0796602 168 120 125
-0.403628 0.0465794 -0.0840321 205 179 161
-0.411663 -0.00688821 -0.0965193 192 129 127
-0.411141 -0.00480515 -0.0958983 182 136 125
-0.409432 -0.00283974 -0.0937659 176 129 117
-0.407742 -0.000894052 -0.0916583 171 118 109
-0.405494 0.000969588 -0.088839 166 112 109
-0.402713 0.00274251 -0.0853401 160 108 108
-0.398877 0.00434974 -0.0804962 158 107 107
-0.397306 0.00619837 -0.0785373 157 105 104
-0.395753 0.00802941 -0.0766002 157 102 106
-0.394752 0.00991969 -0.0753662 154 98 103
-0.394291 0.011879 -0.0748209 152 98 103
-0.394365 0.0139177 -0.0749575 152 96 104
-0.39444 0.0159592 -0.0750942 152 98 105
-0.394515 0.0180035 -0.0752312 152 97 103
-0.395663 0.0202417 -0.0767367 153 100 102
-0.396819 0.0224992 -0.0782536 152 97 107
-0.397439 0.0246716 -0.0790857 154 101 110
-0.399159 0.0270733 -0.0813217 157 101 109
-0.399788 0.0292763 -0.0821661 156 99 106
-0.400419 0.0314904 -0.0830139 155 101 108
-0.399941 0.0334715 -0.0824471 157 100 106
-0.400018 0.0355735 -0.0825879 160 104 107
-0.399542 0.0375492 -0.0820234 163 107 109
-0.400172 0.0397864 -0.0828702 161 114 111
-0.399696 0.0417602 -0.0823056 164 115 113
-0.399773 0.0438702 -0.0824469 174 127 119
-0.404906 0.0473077 -0.0890436 210 159 139
-0.410679 -0.00685715 -0.0987155 195 142 131
-0.410156 -0.00476997 -0.09809 180 129 123
-0.409041 -0.00274447 -0.096703 177 129 120
-0.407346 -0.000791671 -0.0945713 173 124 118
-0.405092 0.00107847 -0.0917199 167 118 114
-0.402303 0.0028572 -0.0881814 166 114 110
-0.397905 0.00440128 -0.0825741 162 111 109
-0.395791 0.00618259 -0.0799019 159 107 110
-0.394783 0.00808747 -0.0786497 161 104 107
-0.393783 0.00998117 -0.0774069 158 102 107
-0.39279 0.0118638 -0.0761734 157 103 106
-0.392863 0.0139026 -0.0763109 154 98 105
-0.393469 0.016032 -0.0771335 151 98 103
-0.393543 0.0180803 -0.0772717 150 96 103
-0.394152 0.020227 -0.078098 151 97 103
-0.395843 0.0225851 -0.0803167 152 98 103
-0.396461 0.0247619 -0.0811551 154 98 105
-0.398177 0.0271687 -0.0834078 155 99 106
-0.398804 0.0293761 -0.0842587 155 100 106
-0.399434 0.0315948 -0.085113 156 104 109
-0.39951 0.0337018 -0.0852551 159 106 109
-0.399586 0.0358119 -0.0853974 160 108 107
-0.399107 0.0377946 -0.0848266 162 107 111
-0.400294 0.0401755 -0.086399 166 113 112
-0.399814 0.0421598 -0.0858256 171 122 116
-0.402695 0.0450002 -0.0895801 187 140 125
-0.405054 0.0477461 -0.0926644 199 157 147
-0.40969 -0.006826 -0.10092 208 158 136
-0.409168 -0.00473466 -0.10029 186 129 124
-0.408647 -0.00264845 -0.0996631 178 130 122
-0.406947 -0.000688536 -0.097507 177 133 123
-0.404686 0.00118815 -0.0946231 173 123 117
-0.401321 0.00290664 -0.0903086 170 118 113
-0.396929 0.00445301 -0.0846599 167 116 112
-0.394818 0.0062374 -0.0819682 160 109 109
-0.393273 0.00807188 -0.0800105 164 109 107
-0.392277 0.00996578 -0.0787636 163 109 108
-0.391818 0.0119289 -0.078213 161 107 106
-0.39189 0.0139716 -0.0783517 160 105 109
-0.392495 0.0161052 -0.0791806 160 105 105
-0.392568 0.0181573 -0.07932 157 102 106
-0.393711 0.0204046 -0.0808481 157 101 107
-0.395405 0.0227726 -0.0830912 158 102 106
-0.396023 0.0249579 -0.0839389 159 104 108
-0.397742 0.027375 -0.0862167 158 105 108
-0.39837 0.0295912 -0.0870769 159 106 107
-0.399 0.0318187 -0.0879407 161 106 110
-0.399075 0.0339339 -0.0880843 162 109 108
-0.399707 0.0361797 -0.088952 164 112 110
-0.399783 0.0383048 -0.0890963 165 114 113
-0.402678 0.0411189 -0.0929038 172 120 116
-0.402755 0.0432701 -0.0930499 183 131 121
-0.402831 0.0454245 -0.0931962 196 158 135
-0.404627 0.0480367 -0.0955766 210 160 150
-0.4099 -0.00669619 -0.104706 218 167 141
-0.409373 -0.00459264 -0.104066 193 144 130
-0.40825 -0.00255169 -0.102647 184 131 126
-0.407136 -0.000523689 -0.101239 178 131 124
-0.404859 0.00136272 -0.0983103 174 126 120
-0.400903 0.00302261 -0.0931855 172 123 117
-0.395948 0.00450494 -0.0867537 153 119 110
-0.394382 0.00636348 -0.0847517 149 109 105
-0.392833 0.0082042 -0.0827722 147 116 105
-0.391834 0.0101048 -0.0815115 148 107 111
-0.391373 0.012075 -0.0809547 154 110 110
-0.391445 0.0141253 -0.081095 166 114 112
-0.39205 0.0162672 -0.0819329 168 110 110
-0.392122 0.0183271 -0.0820737 167 109 108
-0.393266 0.0205835 -0.0836187 166 107 110
-0.394419 0.0228595 -0.0851753 165 107 110
-0.395581 0.0251554 -0.0867437 164 110 112
-0.396752 0.0274715 -0.0883241 166 114 112
-0.397378 0.0296922 -0.089191 166 111 109
-0.398562 0.0320444 -0.0907899 166 116 114
-0.399195 0.0342923 -0.0916668 169 117 113
-0.39983 0.0365517 -0.0925471 171 117 116
-0.4016 0.0390914 -0.0949149 172 122 116
-0.402817 0.041523 -0.0965579 183 128 120
-0.402893 0.0436867 -0.0967058 191 144 129
-0.403543 0.0460021 -0.0976067 193 144 139
-0.404774 0.0484835 -0.0992701 245 187 151
-0.410112 -0.00656484 -0.108536 223 175 152
-0.409581 -0.00444895 -0.107886 207 153 137
-0.408449 -0.00239639 -0.106444 189 136 131
-0.407326 -0.000356936 -0.105014 183 134 131
-0.405034 0.00153935 -0.102041 181 132 126
-0.401051 0.00320653 -0.0968373 173 126 122
-0.396065 0.00469427 -0.0903083 154 124 112
-0.393943 0.00649048 -0.0875563 152 107 111
-0.392929 0.0084124 -0.0862668 148 116 104
-0.391387 0.0102448 -0.08428 149 107 106
-0.390925 0.0122221 -0.083717 152 106 103
-0.390996 0.0142803 -0.0838587 155 105 109
-0.391601 0.0164305 -0.0847058 153 113 116
-0.391672 0.0184982 -0.0848482 145 110 110
-0.392818 0.0207637 -0.0864101 143 112 113
-0.393973 0.0230491 -0.0879839 147 110 113
-0.39459 0.0252475 -0.0888475 143 112 111
-0.396309 0.0276801 -0.0911677 148 110 114
-0.396935 0.0299098 -0.0920442 157 114 114
-0.398121 0.0322718 -0.0936609 163 120 116
-0.398754 0.0345288 -0.0945475 173 122 119
-0.40166 0.0373226 -0.0984378 180 124 121
-0.402307 0.0396212 -0.0993442 184 137 123
-0.403535 0.0420737 -0.101018 187 133 128
-0.40361 0.0442542 -0.101168 192 142 132
-0.404265 0.0465888 -0.102085 207 158 145
-0.41094 -0.00638124 -0.113228 223 179 150
-0.410401 -0.00424871 -0.112564 208 161 144
-0.40865 -0.00223923 -0.110288 198 143 131
-0.407519 -0.000188189 -0.108835 188 134 129
-0.40521 0.00171802 -0.105815 185 139 133
-0.401202 0.00339262 -0.100532 181 138 132
-0.396741 0.00495552 -0.0946449 175 130 125
-0.394047 0.00669082 -0.0911099 172 122 118
-0.393026 0.00862294 -0.0898008 152 111 104
-0.391474 0.0104645 -0.0877841 141 118 109
-0.391008 0.0124526 -0.0872125 149 111 110
-0.391078 0.0145224 -0.0873559 154 111 111
-0.391686 0.0166853 -0.0882153 152 114 110
-0.391756 0.0187646 -0.0883594 149 115 111
-0.392366 0.0209453 -0.0892226 148 117 111
-0.393523 0.02324 -0.0908138 150 115 113
-0.39414 0.0254472 -0.0916869 156 122 113
-0.395862 0.0278903 -0.094033 163 123 114
-0.397045 0.0302464 -0.0956611 173 122 111
-0.398237 0.0326233 -0.0973018 170 128 115
-0.400576 0.0352777 -0.100472 177 131 125
-0.401795 0.0377076 -0.10215 181 132 124
-0.403024 0.0401592 -0.103842 182 131 125
-0.40368 0.0424888 -0.104769 187 135 133
-0.404338 0.0448306 -0.1057 195 149 138
-0.412402 -0.00614303 -0.11883 221 183 151
-0.411234 -0.00404529 -0.117318 206 171 151
-0.409463 -0.00202088 -0.114995 194 145 128
-0.407714 -1.7461e-05 -0.112701 190 135 127
-0.405389 0.0018988 -0.109634 172 140 126
-0.401353 0.00358084 -0.104269 177 136 129
-0.397426 0.00522076 -0.0990481 167 123 123
-0.394704 0.00696685 -0.0954455 158 127 125
-0.393124 0.00883582 -0.093375 157 120 111
-0.392104 0.0107666 -0.0920561 134 118 122
-0.391091 0.0126857 -0.0907474 144 117 119
-0.390623 0.0146802 -0.0901692 155 119 111
-0.391231 0.0168516 -0.091038 154 115 109
-0.391841 0.0190341 -0.0919103 148 121 113
-0.392454 0.0212276 -0.092786 160 115 109
-0.393069 0.0234324 -0.0936652 148 121 113
-0.393687 0.0256484 -0.094548 161 130 115
-0.395411 0.0281021 -0.0969201 170 126 119
-0.396596 0.030468 -0.0985664 182 128 122
-0.398354 0.0329788 -0.100985 181 134 126
-0.400133 0.0355217 -0.103431 181 134 129
-0.401354 0.0379619 -0.105129 185 134 127
-0.403168 0.0405646 -0.107623 188 137 131
-0.403826 0.0429088 -0.108564 192 143 135
-0.405077 0.0454159 -0.110302 229 184 147
-0.413821 -0.00812923 -0.124389 232 198 160
-0.413894 -0.00589997 -0.124546 220 178 147
-0.412081 -0.0038386 -0.122148 205 172 152
-0.410289 -0.00179897 -0.119779 191 144 129
-0.40791 0.000155301 -0.116614 185 136 122
-0.405569 0.00208172 -0.113498 170 127 119
-0.40209 0.00384084 -0.108841 162 126 111
-0.397553 0.00541824 -0.102749 156 122 124
-0.395371 0.00724709 -0.0998477 165 122 122
-0.393774 0.00912881 -0.0977373 159 120 122
-0.392195 0.0109921 -0.0956511 144 131 129
-0.391719 0.0130058 -0.095059 141 124 122
-0.391245 0.0150148 -0.0944694 156 112 117
-0.391314 0.0171111 -0.0946166 158 124 114
-0.391927 0.0193065 -0.0955015 163 117 117
-0.392542 0.0215132 -0.0963899 164 116 111
-0.39316 0.0237311 -0.097282 158 124 122
-0.39378 0.0259605 -0.0981776 161 126 127
-0.394957 0.0283155 -0.0998295 168 134 127
-0.397268 0.0309311 -0.10302 171 136 130
-0.398473 0.0333385 -0.10471 179 137 132
-0.400261 0.0358983 -0.107194 186 138 132
-0.402071 0.038491 -0.109706 188 137 133
-0.403902 0.0411174 -0.112248 193 142 135
-0.405159 0.0436292 -0.114012 214 173 142
-0.415343 -0.00790423 -0.13022 231 182 149
-0.41606 -0.00559797 -0.131259 219 170 142
-0.413574 -0.00357087 -0.127923 203 156 137
-0.411754 -0.00151205 -0.125496 188 144 127
-0.409338 0.000459731 -0.122253 184 135 123
-0.406355 0.00233483 -0.118234 169 124 116
-0.402838 0.00410497 -0.113486 152 125 112
-0.398253 0.00569063 -0.107276 155 124 112
-0.396049 0.00753161 -0.104318 157 119 115
-0.394434 0.00942624 -0.102167 147 126 128
-0.392839 0.0113022 -0.10004 156 128 128
-0.391808 0.0132451 -0.0986858 170 132 129
-0.391876 0.0153545 -0.0988349 171 118 117
-0.391944 0.0174668 -0.0989842 160 118 115
-0.392013 0.0195821 -0.0991337 151 114 116
-0.392631 0.021802 -0.100035 154 120 121
-0.393251 0.0240333 -0.10094 152 132 130
-0.393874 0.0262761 -0.101849 153 134 138
-0.39618 0.0288783 -0.105062 175 117 113
-0.397381 0.0312795 -0.106764 180 125 117
-0.398592 0.0337023 -0.108479 175 141 133
-0.401554 0.0365455 -0.112593 186 137 135
-0.40398 0.0393076 -0.115974 204 152 135
-0.405842 0.0419701 -0.118585 203 161 141
-0.406517 0.0443639 -0.119568 232 189 153
-0.416897 -0.00767457 -0.136173 230 168 140
-0.41697 -0.00539872 -0.136335 213 167 144
-0.415098 -0.00329761 -0.133816 199 153 137
-0.412614 -0.00128195 -0.130454 186 141 125
-0.41017 0.000704176 -0.127146 167 132 124
-0.407153 0.002592 -0.123047 165 115 120
-0.403598 0.00437331 -0.118204 157 125 113
-0.399544 0.00604136 -0.112673 154 124 115
-0.397307 0.00789766 -0.109645 155 127 120
-0.395104 0.00972827 -0.106664 158 129 119
-0.393491 0.011617 -0.104497 163 122 120
-0.393003 0.0136606 -0.103881 169 128 122
-0.392517 0.0156994 -0.103267 158 131 124
-0.392585 0.0178279 -0.103419 153 136 130
-0.392653 0.0199595 -0.10357 149 143 131
-0.392721 0.0220941 -0.103722 156 136 133
-0.393344 0.0243389 -0.104641 153 136 130
-0.39509 0.0268202 -0.10711 159 138 131
-0.396288 0.0292152 -0.108824 167 137 126
-0.397496 0.0316318 -0.110552 177 133 122
-0.398713 0.0340703 -0.112293 181 134 125
-0.402281 0.0370695 -0.117283 190 152 137
-0.40473 0.0398579 -0.120729 197 149 138
-0.406611 0.0425451 -0.12339 217 181 150
-0.418484 -0.00744009 -0.14225 221 162 133
-0.418556 -0.00514026 -0.142415 208 162 141
-0.416653 -0.00301871 -0.139833 199 152 135
-0.414775 -0.000920367 -0.137284 188 137 125
-0.411647 0.00101985 -0.132998 167 134 122
-0.409205 0.00299452 -0.129664 159 112 117
-0.406191 0.00486637 -0.125532 151 124 115
-0.400861 0.006399 -0.118176 164 129 117
-0.398011 0.00819227 -0.114271 155 130 122
-0.395784 0.010035 -0.111232 160 129 120
-0.394154 0.0119367 -0.109022 155 130 119
-0.3931 0.0139074 -0.107615 162 121 117
-0.392609 0.0159575 -0.106991 161 128 117
-0.392121 0.0180028 -0.106371 164 134 119
-0.392188 0.0201427 -0.106524 165 130 118
-0.392255 0.0222856 -0.106678 169 130 118
-0.39456 0.0248663 -0.109948 167 133 121
-0.395192 0.0271457 -0.110891 172 133 123
-0.396397 0.0295561 -0.11263 162 133 123
-0.397611 0.0319883 -0.114384 167 131 119
-0.399415 0.0345727 -0.116961 181 131 121
-0.403019 0.0376019 -0.122047 194 145 129
-0.405493 0.0404169 -0.12556 199 152 141
-0.407392 0.0431294 -0.128273 222 194 167
-0.419432 -0.00725282 -0.147515 200 149 129
-0.419504 -0.00493336 -0.147682 199 154 131
-0.417578 -0.00279515 -0.145047 195 146 130
-0.415677 -0.000680505 -0.142445 188 138 124
-0.412513 0.00127343 -0.138071 175 137 122
-0.410043 0.00326237 -0.134669 171 126 120
-0.406994 0.00514686 -0.130454 153 125 117
-0.401012 0.00661017 -0.122118 158 120 115
-0.398725 0.00849155 -0.11897 149 127 119
-0.396474 0.0103465 -0.115872 166 119 121
-0.394826 0.0122614 -0.113619 166 133 118
-0.393197 0.014157 -0.111392 157 133 125
-0.392703 0.0162187 -0.110759 155 127 124
-0.39221 0.0182755 -0.110129 160 125 121
-0.392277 0.0204279 -0.110284 168 128 118
-0.393464 0.022794 -0.112015 164 133 119
-0.394095 0.025071 -0.112964 163 128 124
-0.395296 0.027475 -0.114715 171 136 128
-0.396507 0.029901 -0.116481 167 127 126
-0.398307 0.0324752 -0.119077 176 132 121
-0.400129 0.035083 -0.121703 170 138 124
-0.403769 0.0381428 -0.126888 187 140 131
-0.406267 0.040985 -0.130469 205 157 140
-0.408186 0.0437231 -0.133235 222 181 161
-0.420397 -0.00706235 -0.152869 198 148 121
-0.420468 -0.00472297 -0.153039 187 141 119
-0.418518 -0.00256777 -0.150349 188 143 128
-0.416594 -0.000436616 -0.147692 186 135 123
-0.413393 0.00153123 -0.143228 180 130 124
-0.409626 0.00338893 -0.13796 161 130 115
-0.406568 0.00527994 -0.133696 151 122 114
-0.400568 0.0067466 -0.125263 158 122 119
-0.398275 0.00863454 -0.122078 153 127 116
-0.395443 0.0104127 -0.118129 165 121 119
-0.393796 0.0123311 -0.11586 162 136 123
-0.392731 0.0143197 -0.114414 157 132 128
-0.392235 0.0163892 -0.113773 160 142 129
-0.39174 0.0184537 -0.113136 171 131 124
-0.391806 0.0206146 -0.113293 173 128 121
-0.392995 0.0229908 -0.115043 169 135 125
-0.393626 0.0252772 -0.116002 163 137 130
-0.394829 0.0276916 -0.117774 164 139 135
-0.396042 0.0301281 -0.11956 166 130 129
-0.398429 0.0328416 -0.123013 161 130 124
-0.400261 0.0354674 -0.125679 167 133 125
-0.40453 0.0386923 -0.131807 190 144 132
-0.407054 0.0415624 -0.135458 207 154 138
-0.408992 0.0443265 -0.138278 225 180 151
-0.421307 -0.00922503 -0.158145 223 183 146
-0.420013 -0.00697569 -0.156367 187 148 116
-0.418729 -0.00474231 -0.154606 160 134 112
-0.417456 -0.00252467 -0.152859 176 130 114
-0.414874 -0.000455413 -0.149241 182 133 120
-0.412336 0.0015825 -0.145684 183 133 123
-0.407943 0.00337086 -0.139476 178 134 122
-0.404901 0.00526226 -0.135197 165 131 119
-0.399526 0.00680664 -0.127582 160 123 122
-0.397236 0.00869798 -0.124374 156 131 121
-0.394981 0.0105626 -0.121217 159 122 116
-0.392762 0.0124011 -0.11811 165 126 119
-0.391698 0.0143934 -0.116653 161 127 116
-0.391763 0.016561 -0.116811 164 129 120
-0.391266 0.0186334 -0.116166 165 130 122
-0.391892 0.0209053 -0.117129 159 131 123
-0.391957 0.0230821 -0.117288 162 130 123
-0.392587 0.0253732 -0.118254 164 137 127
-0.393787 0.0277929 -0.120039 170 136 129
-0.395572 0.030357 -0.122663 169 130 121
-0.397964 0.0330832 -0.126155 173 136 125
-0.40099 0.035992 -0.130558 178 139 129
-0.40469 0.0391066 -0.135927 193 149 131
-0.407229 0.0419978 -0.139635 205 157 138
-0.409179 0.0447818 -0.1425 231 181 153
-0.420924 -0.00914715 -0.161695 208 164 125
-0.418944 -0.00694194 -0.158916 178 148 112
-0.41699 -0.0047617 -0.156172 154 134 108
-0.41506 -0.00260594 -0.153464 158 117 95
-0.413155 -0.000474203 -0.15079 173 129 113
-0.409988 0.00149433 -0.146296 179 132 122
-0.405636 0.0032805 -0.140093 156 129 124
-0.403234 0.00524454 -0.136699 144 118 116
-0.397888 0.0067894 -0.129058 148 128 120
-0.396192 0.00876167 -0.12668 160 127 119
-0.39394 0.0106296 -0.123499 152 125 117
-0.392291 0.0125583 -0.121187 166 120 115
-0.391223 0.0145579 -0.119714 168 126 113
-0.391287 0.0167342 -0.119874 166 120 118
-0.391351 0.0189135 -0.120034 167 133 122
-0.391415 0.0210958 -0.120194 162 133 124
-0.390916 0.0231736 -0.119541 166 129 123
-0.39098 0.0253578 -0.119702 172 138 122
-0.392173 0.0277776 -0.121493 173 138 125
-0.393948 0.0303418 -0.124126 164 130 124
-0.396325 0.0330681 -0.127631 179 130 123
-0.400528 0.0362499 -0.133776 188 140 125
-0.404851 0.0395259 -0.140097 194 144 130
-0.408035 0.0425917 -0.144773 206 159 137
-0.409368 0.0452428 -0.146773 235 176 155
-0.421161 -0.0113981 -0.166104 201 187 146
-0.41985 -0.00911795 -0.164276 189 159 122
-0.417872 -0.00690801 -0.161475 175 149 114
-0.41525 -0.00478105 -0.157739 157 132 104
-0.413331 -0.00262503 -0.155022 149 111 93
-0.411435 -0.000493002 -0.152339 159 120 101
-0.408285 0.0014759 -0.14783 173 129 119
-0.403957 0.00326247 -0.141606 136 125 121
-0.401567 0.00522686 -0.138201 113 109 106
-0.396838 0.00684962 -0.13139 128 119 118
-0.395144 0.00882562 -0.128995 151 128 119
-0.392895 0.0106969 -0.125791 149 128 118
-0.391247 0.0126291 -0.123461 165 123 119
-0.39018 0.0146326 -0.121977 164 127 121
-0.390243 0.0168132 -0.122138 164 118 117
-0.390306 0.0189969 -0.1223 171 128 121
-0.390369 0.0211837 -0.122461 174 123 123
-0.38987 0.0232656 -0.121804 175 131 120
-0.389933 0.0254542 -0.121966 165 134 120
-0.391123 0.0278793 -0.123771 169 138 126
-0.393468 0.0305724 -0.12726 157 140 127
-0.396435 0.0334417 -0.131659 178 141 129
-0.401268 0.0367873 -0.138781 189 142 127
-0.405014 0.0399504 -0.144319 198 145 127
-0.407586 0.0428848 -0.148146 213 161 128
-0.40956 0.0457096 -0.151101 245 185 139
-0.419391 -0.0114184 -0.167699 170 160 136
-0.418086 -0.00913795 -0.165864 176 148 116
-0.416118 -0.00692774 -0.163054 175 156 120
-0.413511 -0.00480043 -0.159306 154 132 107
-0.410948 -0.00270591 -0.155622 142 110 97
-0.40907 -0.00057769 -0.152942 150 120 103
-0.406581 0.00145748 -0.149365 168 125 109
-0.402893 0.00331673 -0.144025 143 130 122
-0.399899 0.00520913 -0.139703 118 116 116
-0.395784 0.0069101 -0.133732 130 116 110
-0.394091 0.00888982 -0.131319 140 122 114
-0.392419 0.0108491 -0.128934 134 132 121
-0.390766 0.0127882 -0.126578 141 121 116
-0.389696 0.014799 -0.125077 146 121 117
-0.390323 0.0170846 -0.126071 149 118 113
-0.38982 0.0191808 -0.125403 151 124 119
-0.389319 0.0212719 -0.124738 156 131 120
-0.389944 0.0235749 -0.12573 157 132 115
-0.390007 0.0257766 -0.125894 152 135 117
-0.391203 0.0282174 -0.127726 139 117 113
-0.393561 0.0309295 -0.131268 149 113 108
-0.396546 0.0338198 -0.135735 177 143 129
-0.401409 0.0371923 -0.142968 191 142 126
-0.404555 0.0402311 -0.147675 208 151 122
-0.407133 0.0431803 -0.151547 234 154 119
-0.409111 0.0460189 -0.154537 253 202 149
-0.41762 -0.0114386 -0.169294 157 150 130
-0.416323 -0.00915798 -0.167453 161 142 115
-0.414364 -0.00694743 -0.164634 165 146 116
-0.411113 -0.00487738 -0.1599 152 130 106
-0.409221 -0.00272496 -0.157177 139 114 97
-0.407353 -0.000596445 -0.154489 149 116 101
-0.404878 0.00143901 -0.150899 166 124 115
-0.40121 0.00329866 -0.145542 182 166 141
-0.398835 0.00526706 -0.1421 151 141 125
-0.394725 0.0069708 -0.136084 143 131 121
-0.393034 0.00895427 -0.133653 131 129 122
-0.391364 0.0109172 -0.13125 129 123 117
-0.389713 0.0128599 -0.128877 138 127 116
-0.389774 0.0150593 -0.129041 141 125 117
-0.389269 0.0171649 -0.128366 143 124 112
-0.38933 0.0193662 -0.128531 137 127 119
-0.388827 0.0214653 -0.127858 139 130 116
-0.390019 0.0238879 -0.129702 149 134 114
-0.389514 0.0259884 -0.129026 148 133 113
-0.390712 0.0284399 -0.130879 128 123 109
-0.392496 0.0310392 -0.133603 161 116 110
-0.396065 0.0340693 -0.13898 184 145 128
-0.401552 0.0376022 -0.147207 205 149 125
-0.404092 0.0405142 -0.151059 225 142 114
-0.406042 0.0433212 -0.154035 245 169 129
-0.408016 0.0461668 -0.157048 242 198 153
-0.41585 -0.0114589 -0.170888 151 143 127
-0.413885 -0.009227 -0.168036 154 136 113
-0.411945 -0.00702061 -0.16522 166 138 107
-0.408725 -0.004954 -0.160491 153 128 102
-0.406211 -0.00286667 -0.156814 143 117 98
-0.404368 -0.00074603 -0.15414 150 118 101
-0.401927 0.00128243 -0.15057 164 128 122
-0.398309 0.00313654 -0.14524 193 172 147
-0.395966 0.0050984 -0.141815 171 167 137
-0.393662 0.00703174 -0.138445 171 153 140
-0.391973 0.00901898 -0.135996 155 155 140
-0.390304 0.0109856 -0.133576 148 136 127
-0.388655 0.0129319 -0.131185 163 134 124
-0.389283 0.0152291 -0.1322 150 134 129
-0.388775 0.0173429 -0.131517 141 128 128
-0.388836 0.019553 -0.131683 140 127 131
-0.388896 0.0217662 -0.13185 137 131 125
-0.390095 0.0242047 -0.133722 152 136 126
-0.390156 0.0264329 -0.13389 159 139 125
-0.391365 0.0289059 -0.135778 165 144 124
-0.39375 0.0316566 -0.139431 178 141 130
-0.396771 0.0345899 -0.144036 196 134 124
-0.401079 0.0378731 -0.150575 218 147 124
-0.403001 0.0406489 -0.153536 223 143 116
-0.405579 0.0436203 -0.157483 234 170 133
-0.407557 0.04648 -0.160531 217 184 150
-0.413403 -0.0115234 -0.171466 153 146 127
-0.411457 -0.00929575 -0.168617 151 135 112
-0.409536 -0.00709344 -0.165805 166 133 103
-0.405705 -0.00508705 -0.160112 156 126 103
-0.403857 -0.00294654 -0.157407 146 119 100
-0.401408 -0.000894329 -0.153795 152 120 102
-0.399 0.0011271 -0.150244 167 135 123
-0.395431 0.00297572 -0.14494 185 189 156
-0.393121 0.00493113 -0.141533 176 166 140
-0.392009 0.00701436 -0.139934 185 161 144
-0.390329 0.00900188 -0.137477 183 170 143
-0.38924 0.0110542 -0.135911 161 165 152
-0.388728 0.0131829 -0.135217 173 175 158
-0.388787 0.0154002 -0.135385 179 189 170
-0.388278 0.0175222 -0.134693 182 192 169
-0.388337 0.0197413 -0.134862 185 194 171
-0.388397 0.0219635 -0.13503 176 169 158
-0.389597 0.0244126 -0.136923 188 167 153
-0.390231 0.0267669 -0.137961 179 176 154
-0.390868 0.0291339 -0.139003 190 173 145
-0.394437 0.0321563 -0.14448 184 149 134
-0.397488 0.035119 -0.149176 208 139 121
-0.400603 0.0381462 -0.15397 207 141 114
-0.402528 0.0409355 -0.156966 209 141 113
-0.405112 0.043922 -0.160959 218 171 134
-0.407094 0.0467959 -0.164044 204 174 144
-0.410301 -0.0116314 -0.171028 164 158 131
-0.408382 -0.00941248 -0.168195 156 144 115
-0.406488 -0.00721868 -0.165399 162 137 103
-0.40271 -0.00521898 -0.159736 156 124 102
-0.400265 -0.00314652 -0.156098 146 117 102
-0.39786 -0.00110524 -0.152521 154 125 108
-0.395495 0.000905641 -0.149003 175 143 125
-0.393168 0.00288686 -0.145542 185 192 160
-0.392048 0.00498813 -0.143919 181 157 141
-0.390356 0.00699698 -0.141423 172 160 145
-0.389259 0.00906681 -0.139833 183 160 143
-0.388743 0.0112094 -0.139127 170 171 151
-0.388802 0.013437 -0.139297 169 176 156
-0.388288 0.0155728 -0.138595 180 172 155
-0.388346 0.0178022 -0.138765 184 183 162
-0.388405 0.0200347 -0.138935 186 195 178
-0.388464 0.0222704 -0.139106 183 193 178
-0.390248 0.0248495 -0.141909 187 188 170
-0.390887 0.0272239 -0.142966 182 186 163
-0.392114 0.0297355 -0.14492 203 174 143
-0.394537 0.0325326 -0.148701 196 143 128
-0.397607 0.0355176 -0.153471 213 139 119
-0.400122 0.0384216 -0.157394 196 128 103
-0.402051 0.0412244 -0.160425 199 143 114
-0.404004 0.044066 -0.163495 193 166 135
-0.405983 0.046947 -0.166603 204 168 136
-0.410536 -0.0115197 -0.175675 177 165 129
-0.405982 -0.00948041 -0.168772 153 137 107
-0.404105 -0.00729066 -0.165979 158 142 105
-0.400991 -0.00523812 -0.161285 154 118 98
-0.398559 -0.00316533 -0.157635 149 122 100
-0.396776 -0.00105997 -0.154982 161 128 111
-0.394414 0.000954845 -0.151437 187 147 127
-0.39209 0.0029399 -0.147951 181 170 155
-0.390971 0.00504537 -0.146315 183 155 142
-0.389861 0.00713691 -0.144693 174 167 148
-0.388761 0.00921468 -0.143084 180 168 151
-0.389396 0.0115404 -0.144145 177 170 151
-0.3883 0.0136025 -0.142542 177 174 148
-0.388358 0.0158424 -0.142714 190 169 147
-0.388415 0.0180855 -0.142886 207 193 161
-0.388473 0.0203317 -0.143058 208 193 167
-0.389107 0.0226908 -0.144118 206 197 171
-0.390326 0.0251779 -0.146077 202 197 171
-0.391554 0.0276884 -0.148052 187 178 159
-0.392792 0.0302225 -0.150044 201 170 147
-0.39524 0.0330468 -0.153899 200 140 125
-0.397728 0.0359212 -0.157819 199 144 116
-0.399637 0.0386993 -0.160847 185 127 102
-0.401569 0.0415158 -0.163914 190 148 116
-0.403527 0.0443714 -0.167019 166 153 128
-0.40551 0.0472668 -0.170165 215 169 135
-0.403591 -0.009548 -0.169347 158 132 102
-0.402369 -0.00731017 -0.167543 153 139 99
-0.399898 -0.00520111 -0.163803 142 118 99
-0.398087 -0.00306389 -0.161084 148 119 102
-0.395687 -0.00101446 -0.157453 165 128 112
-0.393328 0.00100426 -0.153881 197 151 128
-0.391598 0.00306459 -0.151285 180 165 149
-0.389889 0.00510285 -0.148721 176 167 141
-0.389362 0.00727798 -0.147989 178 157 145
-0.388258 0.00936375 -0.146362 181 171 147
-0.388315 0.0116112 -0.146535 172 168 152
-0.387794 0.0137693 -0.145813 178 170 146
-0.387851 0.0160184 -0.145986 186 169 148
-0.387908 0.0182707 -0.14616 210 187 156
-0.389122 0.0207387 -0.148132 212 196 169
-0.389762 0.023118 -0.149212 214 197 170
-0.391581 0.0257449 -0.152125 216 197 170
-0.391639 0.0280376 -0.152302 194 168 155
-0.392884 0.030589 -0.154324 194 167 152
-0.395346 0.033434 -0.15824 188 138 118
-0.39785 0.0363298 -0.162222 199 133 106
-0.39977 0.0391282 -0.165298 181 130 110
-0.401715 0.0419655 -0.168413 167 140 120
-0.403045 0.0446795 -0.170574 143 135 132
-0.403132 -0.00947204 -0.172924 168 145 111
-0.400632 -0.00732969 -0.169108 146 128 96
-0.3988 -0.00516395 -0.166333 136 113 99
-0.39699 -0.00302229 -0.163593 148 117 104
-0.394594 -0.000968813 -0.159934 159 127 109
-0.392237 0.00105391 -0.156336 178 135 120
-0.390509 0.00311829 -0.15372 181 161 140
-0.388803 0.00516055 -0.151137 185 176 145
-0.388276 0.00734012 -0.1504 194 168 145
-0.387751 0.009514 -0.149666 190 172 146
-0.387228 0.0116822 -0.148935 173 169 151
-0.386708 0.0138447 -0.148208 186 170 151
-0.386763 0.0160986 -0.148383 206 185 157
-0.387395 0.0184575 -0.149461 218 193 158
-0.388612 0.0209365 -0.151456 217 197 169
-0.389838 0.0234389 -0.153467 221 198 170
-0.391667 0.0260842 -0.156425 216 194 167
-0.392919 0.0286402 -0.158478 195 166 149
-0.394181 0.0312207 -0.160548 186 158 144
-0.396065 0.0339632 -0.163595 187 131 110
-0.397973 0.0367436 -0.166681 192 131 106
-0.399278 0.0394118 -0.168821 176 141 113
-0.400594 0.042106 -0.17098 153 148 131
-0.401921 0.0448266 -0.173158 164 141 136
-0.402024 -0.00944376 -0.175515 192 161 124
-0.400799 -0.00719166 -0.173675 151 122 100
-0.397696 -0.00512662 -0.168873 139 106 93
-0.395889 -0.00298053 -0.166112 149 112 104
-0.394104 -0.000858223 -0.163387 158 129 112
-0.391741 0.00117215 -0.159746 170 128 118
-0.389416 0.00317223 -0.156166 172 137 124
-0.387712 0.00521845 -0.153563 174 149 132
-0.386605 0.00732257 -0.151905 186 167 148
-0.387239 0.0096655 -0.152998 195 181 158
-0.386714 0.0118424 -0.152258 198 189 161
-0.386192 0.0140136 -0.151522 211 194 162
-0.386824 0.0163748 -0.152612 223 199 164
-0.387459 0.0187488 -0.153707 229 203 162
-0.388682 0.0212444 -0.155732 228 199 165
-0.389914 0.0237638 -0.157775 224 196 167
-0.391157 0.0263072 -0.159834 205 182 162
-0.392411 0.0288749 -0.16191 183 159 143
-0.393675 0.0314673 -0.164005 178 141 122
-0.395562 0.034223 -0.167087 182 128 105
-0.397474 0.0370169 -0.170209 170 137 110
-0.398781 0.0396978 -0.172375 156 138 119
-0.400099 0.0424049 -0.174559 144 146 141
-0.401429 0.0451385 -0.176762 203 180 145
-0.399686 -0.00715839 -0.176263 175 140 116
-0.397214 -0.00503218 -0.172421 151 113 98
-0.3954 -0.00287744 -0.169627 151 113 105
-0.39361 -0.000746659 -0.166869 162 130 119
-0.39064 0.00122242 -0.162229 170 122 120
-0.388908 0.00329889 -0.159563 164 133 122
-0.386616 0.00527664 -0.156 170 128 123
-0.386669 0.00754587 -0.156178 176 142 127
-0.386142 0.00973296 -0.15543 184 147 135
-0.385617 0.0119143 -0.154685 194 151 137
-0.385671 0.0141837 -0.154863 199 157 138
-0.386304 0.0165551 -0.155966 199 160 137
-0.386939 0.0189394 -0.157074 201 160 139
-0.388164 0.0214463 -0.159122 202 156 139
-0.389992 0.0240927 -0.162136 202 156 140
-0.390643 0.026532 -0.163271 185 148 137
-0.391898 0.0291116 -0.165371 176 140 123
-0.393164 0.031716 -0.16749 173 130 108
-0.395055 0.034485 -0.170609 164 131 109
-0.39697 0.0372926 -0.173767 139 125 110
-0.398279 0.0399863 -0.175958 135 124 113
-0.398967 0.0425473 -0.177156 173 155 136
-0.397356 -0.00487922 -0.177011 176 135 115
-0.394288 -0.00283514 -0.172176 166 123 112
-0.3925 -0.000699963 -0.169397 170 130 121
-0.390133 0.0013421 -0.165686 170 125 123
-0.387805 0.00335349 -0.162036 159 133 128
-0.386097 0.00541161 -0.159383 170 125 124
-0.38615 0.00769032 -0.159564 166 132 122
-0.38562 0.00988629 -0.158806 162 130 126
-0.385093 0.0120764 -0.158053 173 129 125
-0.385146 0.0143553 -0.158233 180 133 123
-0.385779 0.016737 -0.159348 181 135 120
-0.386415 0.0191317 -0.160468 177 134 124
-0.388231 0.0217606 -0.163491 176 132 125
-0.389472 0.0243086 -0.165589 172 136 130
-0.390724 0.0268812 -0.167704 162 134 123
-0.391381 0.0293502 -0.168862 171 129 112
-0.392649 0.0319668 -0.171005 169 127 114
-0.394543 0.0347493 -0.17416 148 133 120
-0.396462 0.0375707 -0.177356 127 115 109
-0.397774 0.0402772 -0.179573 153 134 116
-0.396235 -0.00484081 -0.179608 204 161 130
-0.393171 -0.00279261 -0.174736 184 136 120
-0.391385 -0.000653076 -0.171936 177 135 122
-0.389021 0.00139304 -0.168197 175 133 126
-0.386696 0.00340836 -0.16452 168 135 132
-0.384991 0.00547051 -0.161847 174 133 132
-0.385626 0.00783599 -0.162977 162 134 129
-0.385094 0.0100409 -0.162211 152 135 129
-0.384565 0.0122399 -0.161448 157 125 126
-0.385198 0.0146239 -0.162575 169 127 123
-0.385834 0.0170211 -0.163707 173 130 117
-0.386472 0.0194314 -0.164844 170 130 123
-0.387705 0.0219667 -0.166949 163 134 129
-0.389547 0.0246443 -0.170046 156 132 132
-0.390202 0.0271108 -0.171211 153 129 123
-0.391466 0.0297203 -0.173369 172 131 119
-0.392741 0.0323551 -0.175546 169 132 126
-0.394027 0.0350157 -0.177742 147 130 120
-0.395949 0.0378511 -0.180976 154 129 113
-0.396632 0.0404155 -0.182191 202 176 137
-0.393908 -0.00256286 -0.180353 205 157 129
-0.390874 -0.000539739 -0.175485 184 144 124
-0.388503 0.0015142 -0.171701 181 137 126
-0.386764 0.003611 -0.168951 179 136 129
-0.386815 0.00592013 -0.169136 177 137 132
-0.385684 0.00806571 -0.167382 173 138 131
-0.385735 0.0103716 -0.167567 156 134 126
-0.385199 0.0125884 -0.166787 155 123 127
-0.38525 0.0148959 -0.166972 161 123 125
-0.385889 0.0173088 -0.168121 166 122 121
-0.38653 0.0197349 -0.169276 175 134 129
-0.38777 0.0222875 -0.171413 172 138 136
-0.38902 0.0248649 -0.173568 169 137 134
-0.390281 0.0274672 -0.175742 168 134 128
-0.390941 0.029964 -0.176931 177 135 125
-0.392834 0.0327485 -0.180146 170 129 122
-0.393506 0.0352845 -0.181355 168 139 113
-0.394805 0.037984 -0.183596 199 163 126
-0.389748 -0.000492204 -0.178053 206 166 134
-0.387981 0.00163637 -0.175235 195 149 125
-0.386236 0.00374137 -0.172452 187 139 121
-0.386287 0.00606035 -0.172639 174 130 122
-0.385743 0.00829831 -0.171843 168 132 121
-0.385793 0.0106189 -0.17203 156 132 123
-0.385252 0.0128492 -0.171237 159 129 127
-0.385894 0.0152698 -0.172404 161 129 125
-0.385944 0.0176001 -0.172591 165 130 126
-0.387185 0.0201513 -0.174752 178 136 129
-0.387835 0.0226124 -0.175934 174 141 133
-0.389092 0.0252076 -0.178123 182 142 132
-0.38975 0.0277018 -0.17932 184 142 128
-0.391024 0.0303419 -0.181539 183 141 125
-0.392308 0.0330079 -0.183776 182 141 121
-0.39298 0.0355555 -0.184999 204 167 125
-0.387454 0.00175954 -0.178799 216 172 132
-0.386302 0.00394821 -0.176981 202 160 125
-0.385753 0.00620172 -0.176171 187 145 123
-0.385208 0.00844899 -0.175366 177 142 119
-0.385257 0.0107795 -0.175555 173 140 120
-0.385306 0.0131132 -0.175743 174 136 121
-0.385356 0.0154502 -0.175933 174 133 121
-0.386 0.017895 -0.177118 175 137 126
-0.386648 0.0203535 -0.178308 183 138 123
-0.387901 0.0229415 -0.180513 180 146 124
-0.388557 0.0254329 -0.181718 191 148 126
-0.389826 0.0280658 -0.183952 196 151 125
-0.390491 0.0305908 -0.185174 200 157 127
-0.391777 0.0332696 -0.187437 213 177 137
-0.384571 0.00392968 -0.178539 222 181 135
-0.384619 0.00626365 -0.178729 211 171 130
-0.384668 0.0086009 -0.178919 202 165 127
-0.384716 0.0109414 -0.17911 198 157 123
-0.384764 0.0132852 -0.1793 196 154 122
-0.384812 0.0156322 -0.179491 196 152 122
-0.385457 0.0180879 -0.18069 194 150 126
-0.386105 0.0205573 -0.181894 196 153 123
-0.386756 0.0230405 -0.183104 199 158 124
-0.387409 0.0255377 -0.184318 206 161 127
-0.388066 0.0280488 -0.185539 214 172 131
-0.388725 0.0305739 -0.186764 226 182 139
-0.382298 0.00616504 -0.179284 226 185 139
-0.382345 0.00849751 -0.179475 215 177 135
-0.382982 0.0109233 -0.180672 209 171 131
-0.383029 0.0132673 -0.180864 205 173 132
-0.383669 0.0157149 -0.182066 207 172 130
-0.384312 0.0181761 -0.183274 207 172 132
-0.384359 0.0205399 -0.183467 210 172 132
-0.385005 0.0230232 -0.184681 216 175 133
-0.385653 0.0255205 -0.1859 223 180 139
-0.380615 0.00847931 -0.181033 231 194 146
-0.381248 0.0109053 -0.182234 227 188 145
-0.381293 0.0132494 -0.182427 219 186 143
-0.381929 0.0156971 -0.183634 218 182 139
-0.382566 0.0181585 -0.184846 220 185 142
-0.382613 0.0205224 -0.185041 226 187 144
-0.383253 0.0230059 -0.186259 234 195 149
