-0.380627 0.0732807 -0.156743 56 46 73 255 
-0.394436 0.103675 -0.0159517 62 2 14 255 
-0.413415 0.0163348 -0.0467408 27 3 3 255 
-0.373193 0.0149151 -0.0194272 0 0 3 255 
-0.414706 0.0929033 -0.0359149 64 0 13 255 
-0.418802 0.0346416 -0.0411995 41 1 3 255 
-0.365942 0.0165735 -0.174892 67 1 8 255 
-0.410738 0.0710644 -0.176972 84 24 34 255 
-0.42278 0.0397667 -0.0279488 2 0 27 255 
-0.412814 -0.0491819 -0.00451181 0 0 10 255 
-0.413864 0.0423854 -0.000862464 82 20 35 255 
-0.427371 -0.0126829 -0.0262734 1 1 11 255 
-0.377193 0.00885762 -0.0386881 0 0 16 255 
-0.411539 0.0764205 -0.0489274 33 1 0 255 
-0.426269 -0.00692636 -0.0324432 0 0 16 255 
-0.369755 0.0894664 -0.0218976 78 10 31 255 
-0.38064 0.0101232 -0.00594905 1 2 25 255 
-0.374453 0.0833332 -0.0349182 34 0 1 255 
-0.387618 0.0699674 -0.163293 54 0 0 255 
-0.403882 0.0728296 -0.15711 73 3 20 255 
-0.402029 -0.0581247 -0.00405867 0 0 0 255 
-0.390958 0.0962245 -0.012309 50 0 0 255 
-0.395033 0.0920745 -0.00920359 57 0 0 255 
-0.398045 0.0686111 -0.143061 50 0 0 255 
-0.406743 0.0288936 -0.115091 73 3 14 255 
-0.41164 0.0582991 -0.0553873 0 0 3 255 
-0.419316 0.0545017 -0.0216249 0 0 2 255 
-0.3783 0.0517843 -0.0813712 0 0 12 255 
-0.397219 0.0985999 -0.00909826 89 1 25 255 
-0.428376 0.0510627 -0.169793 150 160 197 255 
-0.377641 0.0222597 0.000397455 0 0 9 255 
-0.409181 0.0148029 9.11616e-05 0 0 6 255 
-0.417434 0.0217174 -4.37722e-05 0 0 2 255 
-0.421153 0.0192536 -0.0405951 1 1 13 255 
-0.417588 0.0184863 -0.148544 55 0 0 255 
-0.42529 -0.0511403 -0.0246245 0 0 20 255 
-0.403636 0.0260265 -0.141797 52 0 1 255 
-0.410831 0.0935034 -0.0158286 59 0 1 255 
-0.380299 0.0584381 -0.122461 1 1 11 255 
-0.425114 0.0248446 -0.0274885 3 0 0 255 
-0.411633 -0.0720252 -0.0102454 39 38 44 255 
-0.371591 0.070578 -0.163271 0 0 53 255 
-0.418824 0.0704949 -0.0221035 65 4 9 255 
-0.420073 0.0396685 -0.03816 34 2 3 255 
-0.378466 0.03272 0.000263922 0 0 4 255 
-0.379111 0.0582081 -0.135926 66 7 25 255 
-0.386706 0.0889491 -0.00861438 80 0 9 255 
-0.423443 -0.0168014 -0.0123217 0 0 18 255 
-0.421764 -0.0498014 -0.0182523 4 7 30 255 
-0.420972 -0.0629094 -0.0176352 0 0 13 255 
-0.374531 0.02333 -0.0332363 21 0 3 255 
-0.413027 0.0378347 -0.102084 57 0 1 255 
-0.424529 -0.0193533 -0.00576438 0 0 0 255 
-0.382394 0.0287701 -0.0539353 37 1 4 255 
-0.402632 -0.00796227 -0.147712 59 1 0 255 
-0.400591 -0.0250238 -0.153802 54 0 2 255 
-0.374732 0.0837074 -0.0148926 62 0 11 255 
-0.379158 0.00183427 -0.040109 2 2 14 255 
-0.407837 0.0607774 -0.0687072 0 0 2 255 
-0.425329 -0.0161799 -0.154482 40 6 31 255 
-0.372955 0.0900887 -0.0352585 64 6 17 255 
-0.379457 0.0504451 -0.0410742 51 1 17 255 
-0.42197 -0.0258251 -0.00576129 28 33 63 255 
-0.426826 -0.00471163 -0.175291 66 0 9 255 
-0.409921 0.0631567 -0.109529 3 0 1 255 
-0.413328 0.0688996 -0.170522 41 42 70 255 
-0.383976 -0.055533 -0.0166985 0 0 4 255 
-0.385466 0.104182 -0.0158894 78 16 37 255 
-0.387951 0.0707426 -0.11616 0 0 5 255 
-0.368484 0.0599678 -0.156124 72 0 20 255 
-0.37218 0.0284291 -0.0128983 29 4 21 255 
-0.420774 0.048065 -0.167122 124 46 72 255 
-0.37766 -0.0179872 -0.0319962 0 1 13 255 
-0.383026 0.0550089 -0.0682095 0 0 11 255 
-0.418698 0.0654302 -0.0150616 71 12 32 255 
-0.381388 0.0608613 -0.117295 0 0 8 255 
-0.414653 0.0418685 -0.142627 69 1 14 255 
-0.396397 0.0999922 -0.0436706 64 3 18 255 
-0.416156 0.00173052 -0.0484822 51 0 1 255 
-0.376667 0.0529878 -0.095183 0 0 0 255 
-0.410733 -0.045682 0.00212601 5 13 27 255 
-0.383461 0.0548789 -0.0613647 0 0 12 255 
-0.422012 -0.0229977 -0.161047 72 1 16 255 
-0.414441 0.0364599 -0.115481 68 2 17 255 
-0.412501 0.0590666 -0.102312 4 0 17 255 
-0.411624 0.0310091 -0.0676726 2 1 17 255 
-0.379691 0.0387098 -0.0742886 0 2 29 255 
-0.423461 -0.0132251 -0.161365 58 1 11 255 
-0.409753 0.00591662 -0.149426 84 25 45 255 
-0.381277 0.0722315 -0.0535386 0 1 18 255 
-0.414344 -0.0391408 -0.00510749 0 0 1 255 
-0.375516 0.0398315 -0.126465 61 1 1 255 
-0.419063 0.0393501 -0.161341 104 83 114 255 
-0.378102 0.0953141 -0.0176032 51 0 1 255 
-0.416234 0.0363184 -0.079288 44 0 27 255 
-0.399945 0.0212295 -0.1078 62 0 3 255 
-0.375674 0.0563462 -0.034101 66 2 16 255 
-0.373748 0.062771 -0.162872 66 0 4 255 
-0.393728 0.0232552 -0.107986 62 0 1 255 
-0.42757 0.0273048 -0.169392 18 0 11 255 
-0.426393 0.0485311 -0.163206 156 170 235 255 
-0.376327 0.0391196 -0.154964 87 7 32 255 
-0.365691 0.066132 -0.163025 0 3 39 255 
-0.378562 0.0791109 -0.00855839 75 9 25 255 
-0.428867 -0.00862469 -0.161028 149 147 186 255 
-0.424503 -0.00884368 -0.00612773 0 0 0 255 
-0.371452 0.0401808 -0.0353418 51 0 9 255 
-0.383755 -0.0216235 -0.153668 71 0 7 255 
-0.411061 0.0237275 -0.086741 69 2 20 255 
-0.37231 0.0161104 -0.0261875 18 1 9 255 
-0.376514 0.0770204 -0.0148746 57 1 2 255 
-0.38529 -0.0710539 -0.0172706 7 14 33 255 
-0.423804 0.0411722 -0.0222418 73 86 128 255 
-0.381734 0.0652391 -0.156499 55 1 1 255 
-0.419978 0.00236207 -0.0401949 127 142 183 255 
-0.406938 0.0984513 -0.0206543 49 1 1 255 
-0.411708 -0.0238486 -0.0034815 0 0 2 255 
-0.394249 0.0721049 -0.102835 0 2 17 255 
-0.397245 0.0704479 -0.129857 0 0 2 255 
-0.410907 0.0571856 -0.129589 12 0 0 255 
-0.41 0.0639405 -0.150075 67 7 20 255 
-0.410246 0.0841182 -0.0489646 44 1 3 255 
-0.397394 -0.027861 0.00177397 0 0 0 255 
-0.414867 -0.0513202 0.00243832 0 0 1 255 
-0.377887 0.021193 -0.00626911 0 0 5 255 
-0.383859 0.0838366 -0.00150838 60 0 15 255 
-0.372061 0.0736895 -0.0366691 73 3 9 255 
-0.414288 0.0877823 -0.0225562 51 0 6 255 
-0.405204 0.0549122 -0.00113346 51 0 7 255 
-0.403029 0.0723444 -0.172641 31 29 38 255 
-0.377057 0.0669699 -0.0482444 23 2 2 255 
-0.411807 0.0283664 -0.108133 59 0 6 255 
-0.410509 -0.0592659 -0.00554419 1 0 8 255 
-0.422967 -0.0617646 -0.0263442 0 0 4 255 
-0.377486 0.0166053 -0.0392263 0 0 4 255 
-0.395496 -0.0468232 -0.00451854 0 0 3 255 
-0.373256 0.0570221 -0.0271079 44 0 1 255 
-0.423843 0.052101 -0.177057 61 0 2 255 
-0.411028 0.0446236 -0.047959 84 25 41 255 
-0.380055 0.0345364 -0.128162 69 5 21 255 
-0.387634 0.0250645 -0.107607 65 1 17 255 
-0.392387 0.0737949 -0.170352 42 52 77 255 
-0.412761 0.0482307 -0.149582 50 0 1 255 
-0.381311 -0.0542854 -0.0234282 0 0 8 255 
-0.37428 -0.00259967 -0.0253439 73 87 131 255 
-0.382 -0.030942 -0.0305106 1 4 23 255 
-0.412576 -0.0213246 -0.154378 57 1 4 255 
-0.386251 0.0157131 -0.00444321 0 0 0 255 
-0.376394 0.013774 -0.154742 71 2 13 255 
-0.400027 0.0767418 -0.165528 51 51 59 255 
-0.371807 0.0355177 -0.162067 67 42 81 255 
-0.422159 -0.0247649 -0.0361345 0 0 10 255 
-0.37467 -0.00760057 -0.153996 49 0 1 255 
-0.417219 0.0447891 -0.114396 71 0 14 255 
-0.370226 0.0392236 -0.020106 19 37 87 255 
-0.405098 0.0703372 -0.150177 83 14 45 255 
-0.415097 0.0428825 -0.0819692 20 0 1 255 
-0.395713 0.0288095 -0.139003 76 0 0 255 
-0.386578 0.0938715 -0.0489017 37 1 3 255 
-0.375505 0.0113376 -0.0329399 0 0 0 255 
-0.377334 0.0489726 -0.148954 49 1 1 255 
-0.408758 0.0269385 -0.00319699 0 0 0 255 
-0.382774 0.0660716 -0.0549411 1 0 14 255 
-0.373421 0.0742255 -0.027758 28 0 0 255 
-0.365547 0.0625579 -0.169556 18 0 27 255 
-0.376486 0.1029 -0.0261271 90 12 34 255 
-0.369818 0.0429712 -0.0265435 3 3 27 255 
-0.370724 0.0455856 -0.162424 87 29 44 255 
-0.39033 -0.0143511 -0.140363 160 157 200 255 
-0.386654 0.00587708 -0.0532691 47 1 5 255 
-0.427965 0.00582527 -0.168639 63 58 94 255 
-0.426077 0.0101094 -0.0201703 1 1 3 255 
-0.371797 0.00894877 -0.16118 107 107 151 255 
-0.390428 0.106194 -0.0295687 153 133 186 255 
-0.384316 -0.0223533 -0.00500796 0 0 13 255 
-0.375665 0.0413108 -0.120611 62 0 1 255 
-0.417594 -0.0174234 -0.147469 30 0 14 255 
-0.414154 0.0994884 -0.022893 70 0 17 255 
-0.392038 0.073871 -0.156925 76 5 13 255 
-0.420134 0.057929 -0.0148881 48 4 27 255 
-0.378466 0.0383475 -0.0609937 4 10 36 255 
-0.413341 0.055289 -0.00805975 104 58 86 255 
-0.394426 -0.0327671 -0.171411 58 0 0 255 
-0.403815 -0.0247416 0.00148438 0 0 4 255 
-0.371224 -0.00740545 -0.0185497 9 24 79 255 
-0.405407 -0.0606684 0.00260182 0 1 15 255 
-0.382557 0.036555 -0.0570393 4 0 3 255 
-0.41608 -0.00619301 0.000667848 2 1 21 255 
-0.417291 0.0482448 -0.034192 84 16 31 255 
-0.375291 -0.0225354 -0.0184022 0 1 12 255 
-0.401542 0.106177 -0.0297883 67 0 10 255 
-0.375357 0.0941383 -0.0106981 44 0 0 255 
-0.423366 0.00601526 -0.0263699 1 3 19 255 
-0.399025 0.0396894 -0.00342276 50 0 0 255 
-0.405599 0.0859359 -0.0545919 0 0 2 255 
-0.391922 0.006553 -0.140738 78 10 25 255 
-0.37687 -0.0250387 -0.024508 1 0 5 255 
-0.385692 0.103578 -0.0226638 28 0 0 255 
-0.419587 -0.0701884 -0.0176398 0 0 8 255 
-0.373843 -0.0164927 -0.0255654 3 11 34 255 
-0.37905 0.0455017 -0.0809952 4 1 15 255 
-0.407146 0.0603099 -0.0621082 0 0 14 255 
-0.379248 0.041132 -0.0948019 64 0 14 255 
-0.365953 0.0286439 -0.161532 2 0 46 255 
-0.381767 -0.0147678 -0.147262 88 18 42 255 
-0.420252 0.0450074 -0.0283065 67 79 115 255 
-0.376813 0.0527875 -0.101717 0 0 0 255 
-0.380137 0.051781 -0.0749688 0 0 5 255 
-0.410239 0.0810668 -0.043743 78 21 38 255 
-0.374761 0.0266742 -0.00694205 1 0 6 255 
-0.402824 0.0575224 -0.00723515 47 1 1 255 
-0.41665 0.0843132 -0.0358631 46 0 0 255 
-0.377693 0.049661 -0.10852 62 4 19 255 
-0.422977 0.0565264 -0.163551 79 23 39 255 
-0.395564 -0.0735116 -0.0287019 1 2 23 255 
-0.409121 0.0387343 -0.141919 68 0 15 255 
-0.405523 0.0631948 -0.00809989 60 0 1 255 
-0.380459 0.0425892 -0.128473 73 15 27 255 
-0.428404 -0.00836774 -0.170415 66 1 9 255 
-0.415481 0.051892 -0.0146208 62 5 20 255 
-0.386984 0.0678845 -0.0957005 0 0 19 255 
-0.410773 0.0314781 -0.126934 61 0 2 255 
-0.379658 -0.0406167 -0.0250384 0 1 28 255 
-0.37699 0.051388 -0.0701001 0 1 14 255 
-0.360998 0.0451984 -0.168866 175 192 238 255 
-0.400697 0.0667825 -0.105053 0 0 2 255 
-0.38665 0.0628886 -0.0682522 0 0 10 255 
-0.368888 0.00134977 -0.16071 99 120 155 255 
-0.37734 0.0500944 -0.13494 69 3 31 255 
-0.409909 -0.0321564 -0.167296 66 0 12 255 
-0.372871 0.0908476 -0.0282552 51 0 0 255 
-0.43084 0.0352714 -0.168806 179 194 237 255 
-0.378565 0.0681594 -0.0415406 60 2 16 255 
-0.416736 -0.0288349 -0.167515 60 1 11 255 
-0.373224 0.0471188 -0.0206533 49 56 82 255 
-0.377507 0.0437901 -0.135332 49 0 0 255 
-0.380295 -0.00811027 -0.03914 94 109 149 255 
-0.377313 -0.028577 -0.173025 59 1 0 255 
-0.410041 -0.0312152 -0.153533 114 84 136 255 
-0.409895 -0.00985396 0.000981376 1 1 13 255 
-0.412357 0.0508025 -0.0956494 66 14 27 255 
-0.413496 0.0699974 -0.163608 37 1 16 255 
-0.380267 0.0339351 -0.108016 65 6 16 255 
-0.368052 0.0591217 -0.17527 60 0 0 255 
-0.396571 0.0784596 -0.00170843 71 9 25 255 
-0.39698 -0.0621562 0.00285281 0 0 12 255 
-0.38002 0.0602128 -0.0819463 1 3 16 255 
-0.423548 0.0321786 -0.172466 100 100 125 255 
-0.406487 0.0895437 -0.0493051 40 0 3 255 
-0.423912 0.0176625 -0.013532 0 0 2 255 
-0.414115 0.0415281 -0.135615 83 4 9 255 
-0.366977 0.024455 -0.175201 68 0 8 255 
-0.423057 -0.00206981 -0.168961 57 3 3 255 
-0.392044 -0.00882092 0.00123704 0 0 2 255 
-0.413574 0.0672695 -0.0421982 61 1 14 255 
-0.424087 0.0119761 -0.00680595 0 0 8 255 
-0.386147 0.0645924 -0.0820224 0 0 11 255 
-0.383715 0.0106641 -0.0508663 23 0 0 255 
-0.377067 0.0613544 -0.108626 1 0 6 255 
-0.388621 0.0215562 -0.0874825 60 0 4 255 
-0.404718 0.0675071 -0.136483 10 0 11 255 
-0.390039 0.0665755 -0.154142 40 1 2 255 
-0.385928 0.0024765 -0.147592 56 0 0 255 
-0.404128 0.0627671 -0.0756173 0 1 14 255 
-0.389572 -0.0109374 -0.14962 64 0 1 255 
-0.374902 0.029036 -0.157875 95 22 48 255 
-0.390003 0.0443309 -0.00533643 47 1 1 255 
-0.378751 0.0588031 -0.14934 50 0 1 255 
-0.390799 0.0652819 -0.14289 57 0 7 255 
-0.395147 -0.00583598 -0.147971 64 0 1 255 
-0.383703 0.0653732 -0.129313 0 0 8 255 
-0.414003 0.0526478 -0.0461375 64 3 15 255 
-0.413961 0.0305363 -0.0613051 0 1 21 255 
-0.366673 0.0384938 -0.175665 72 0 16 255 
-0.373818 0.0224986 -0.0265649 1 6 26 255 
-0.364222 0.04306 -0.162239 72 15 32 255 
-0.378075 0.0592728 -0.156271 52 1 0 255 
-0.369818 0.0663127 -0.156309 0 0 18 255 
-0.421596 0.0337703 -0.156127 153 152 192 255 
-0.380457 -0.0408737 -0.0178882 0 0 6 255 
-0.363074 0.00687202 -0.168456 158 182 230 255 
-0.373173 -0.0162346 -0.0187063 0 0 15 255 
-0.390651 -0.059988 -0.00382011 0 0 0 255 
-0.375021 0.0234157 -0.0404319 1 0 8 255 
-0.374071 0.00617585 -0.0190549 0 0 0 255 
-0.3879 -0.0271341 -0.00487282 1 2 11 255 
-0.374305 -0.00787142 -0.0121796 87 92 116 255 
-0.377794 0.0620904 -0.0540594 1 1 3 255 
-0.372802 0.00391997 -0.0254454 0 0 9 255 
-0.409848 0.0640086 -0.0553521 1 3 15 255 
-0.414906 0.0477304 -0.109111 60 0 1 255 
-0.402783 0.0349567 -0.00288178 38 2 2 255 
-0.385646 -0.0547064 -0.0103777 0 0 0 255 
-0.385117 -0.0575685 -0.0305637 0 1 21 255 
-0.423924 -0.0430524 -0.0114693 0 2 21 255 
-0.398784 0.0700188 -0.136969 1 0 2 255 
-0.371461 0.000863001 -0.166923 4 4 40 255 
-0.411985 0.0905199 -0.0429009 70 4 31 255 
-0.421051 0.0250251 -0.16227 97 100 141 255 
-0.387104 0.0896788 -0.0567181 0 0 10 255 
-0.404667 0.103296 -0.0162931 52 3 9 255 
-0.426699 0.00690394 -0.175344 67 0 8 255 
-0.411755 0.051483 -0.115705 63 0 9 255 
-0.386149 -0.00409057 -0.0484479 45 1 2 255 
-0.384561 -0.0460787 -0.00404555 7 6 14 255 
-0.392141 -0.00584678 -0.052317 55 0 2 255 
-0.402772 0.0924857 -0.00906973 59 1 0 255 
-0.41307 0.0387059 -0.10885 65 6 11 255 
-0.378466 0.0389692 -0.0406544 11 0 6 255 
-0.409023 0.0296302 -0.121647 67 3 12 255 
-0.403317 0.0270811 -0.128405 49 0 3 255 
-0.381222 0.0446457 -0.0608642 0 1 22 255 
-0.39033 0.02195 -0.0943582 59 0 6 255 
-0.4226 0.00888592 -0.013853 0 0 9 255 
-0.377146 0.0492255 -0.115368 49 1 1 255 
-0.375585 -0.031064 -0.166159 35 1 19 255 
-0.398601 -0.0528794 0.00260401 0 0 10 255 
-0.387312 0.0255146 -0.127971 67 0 20 255 
-0.391764 0.0187701 -0.141347 74 3 14 255 
-0.41215 0.0508342 -0.122713 61 0 12 255 
-0.424136 0.00619451 -0.00549234 0 0 5 255 
-0.411687 0.0394989 -0.122217 65 0 9 255 
-0.424744 -0.0421217 -0.0286918 0 1 21 255 
-0.384961 0.0619243 -0.0611681 4 11 29 255 
-0.399185 0.0850753 -0.00880888 59 0 0 255 
-0.391309 0.0618697 -0.00116303 67 9 19 255 
-0.415104 0.0438248 -0.155758 65 0 4 255 
-0.425071 -0.0185614 -0.0328364 1 0 14 255 
-0.424441 -0.0166547 -0.174209 64 0 0 255 
-0.424782 -0.0300246 -0.0258212 1 0 18 255 
-0.418029 0.0141934 -0.00631908 3 3 24 255 
-0.425263 0.056679 -0.168908 63 8 13 255 
-0.372876 0.0481646 -0.0270612 0 0 14 255 
-0.404283 -0.0346501 -0.166931 76 4 26 255 
-0.395011 -0.035241 -0.161626 78 8 32 255 
-0.388162 0.00801695 0.000776302 2 2 14 255 
-0.420233 -0.0479112 -0.0112295 0 0 7 255 
-0.420844 0.00119193 -0.155069 63 1 15 255 
-0.366624 0.0202309 -0.170165 106 106 138 255 
-0.412576 -0.0732792 -0.0274003 0 1 22 255 
-0.380057 0.0888192 -0.00877837 63 1 7 255 
-0.392202 -0.032511 0.00194753 0 0 1 255 
-0.415088 0.00891201 -0.046888 21 0 1 255 
-0.371993 0.0754152 -0.0216154 57 2 6 255 
-0.415209 0.0494937 -0.0754456 1 2 24 255 
-0.407214 0.0134261 -0.0716066 1 0 0 255 
-0.401841 0.07082 -0.00833071 51 1 2 255 
-0.425953 0.0238727 -0.176196 69 0 10 255 
-0.385502 0.0691003 -0.00120095 53 0 7 255 
-0.38034 0.0504201 -0.129692 63 0 9 255 
-0.392359 0.0724502 -0.176644 82 30 42 255 
-0.413732 0.0572916 -0.143022 86 29 38 255 
-0.38257 0.102222 -0.0293687 55 1 5 255 
-0.373644 0.0195143 -0.159253 28 0 11 255 
-0.3826 0.0203835 -0.0466428 27 27 28 255 
-0.416071 0.0459059 -0.0954269 71 2 15 255 
-0.381438 0.0282116 -0.0467255 18 2 3 255 
-0.413239 0.061292 -0.0415593 70 6 20 255 
-0.405379 0.00445234 -0.066619 0 0 5 255 
-0.401367 0.0682128 -0.0960902 0 0 2 255 
-0.421592 0.00755297 -0.0374116 0 1 17 255 
-0.412578 0.0794248 -0.0171926 22 0 0 255 
-0.426095 0.0407817 -0.16298 81 94 133 255 
-0.410752 0.0557151 -0.0685859 0 1 9 255 
-0.382686 0.0365253 -0.05049 73 5 20 255 
-0.420812 -0.0473866 -0.0253976 3 2 16 255 
-0.392822 0.0692771 -0.136563 0 0 0 255 
-0.386308 -0.00147254 0.00106601 108 113 168 255 
-0.372993 0.0159227 -0.011918 25 4 9 255 
-0.405077 0.0684125 -0.00162232 53 0 12 255 
-0.413937 0.0850932 -0.0417682 68 4 23 255 
-0.374714 0.0372632 -0.00659317 54 1 5 255 
-0.404946 -0.0722663 -0.00382869 0 0 12 255 
-0.401635 -0.0683636 0.00268093 0 3 22 255 
-0.42144 -0.0305711 -0.0351238 0 0 9 255 
-0.416974 -0.067048 -0.0104422 0 0 2 255 
-0.385588 0.014824 -0.141068 39 0 19 255 
-0.377333 -0.00324461 -0.0369895 102 120 155 255 
-0.376233 0.0739855 -0.16619 147 160 215 255 
-0.4041 -0.034911 -0.173609 66 1 7 255 
-0.392372 0.0707062 -0.0952636 0 1 21 255 
-0.406425 0.0241032 -0.107969 58 0 4 255 
-0.376096 -0.0126873 -0.160287 52 0 2 255 
-0.404624 0.000910796 -0.147126 64 0 0 255 
-0.3754 0.0465805 -0.155738 60 0 2 255 
-0.421042 -0.00951754 -0.155132 61 0 10 255 
-0.370665 0.0622755 -0.0280723 49 0 2 255 
-0.389191 0.0680424 -0.0080133 66 2 3 255 
-0.412313 0.0305892 -0.114506 62 0 3 255 
-0.408849 0.0232771 -0.0668451 44 9 24 255 
-0.424844 -0.025129 -0.0119494 0 0 0 255 
-0.401471 0.0658284 -0.0686055 0 0 4 255 
-0.383719 -0.00121769 -0.0438662 67 55 77 255 
-0.414897 0.0253622 -0.067506 63 6 13 255 
-0.412731 0.0421312 -0.0615903 1 0 8 255 
-0.419111 0.063206 -0.165284 86 28 43 255 
-0.421806 -0.0349282 -0.018836 0 0 23 255 
-0.411787 0.0425532 -0.11503 69 16 26 255 
-0.422303 0.0191236 -0.0268475 27 0 1 255 
-0.373784 -0.0110602 -0.0232149 0 0 11 255 
-0.380156 0.0456329 -0.0746944 0 2 21 255 
-0.379531 0.0419866 -0.0881036 59 0 2 255 
-0.395164 0.0911955 -0.0559563 1 0 10 255 
-0.386004 0.0754224 -0.157275 67 51 90 255 
-0.383052 -0.0157918 -0.153888 64 0 5 255 
-0.413629 0.017366 -0.0680765 61 14 22 255 
-0.42522 0.0407164 -0.176694 66 0 6 255 
-0.427476 -0.0152621 -0.01949 0 0 5 255 
-0.426919 0.0417947 -0.170783 139 144 182 255 
-0.384341 -0.0309981 -0.172494 59 0 2 255 
-0.400315 0.0947174 -0.00230912 84 23 48 255 
-0.39624 -0.0208041 0.00143533 0 0 3 255 
-0.390804 -0.0411423 -0.00611599 0 0 0 255 
-0.393324 0.0663341 -0.0887873 0 0 8 255 
-0.399759 0.0506224 -0.00528147 53 0 0 255 
-0.380871 0.0984303 -0.00916503 63 4 20 255 
-0.400195 0.0653621 -0.149896 61 1 11 255 
-0.368402 0.0408664 -0.168816 62 2 4 255 
-0.381464 -0.00515106 -0.00725668 76 85 123 255 
-0.423247 -0.0145086 -0.168063 69 0 9 255 
-0.396881 0.0673871 -0.0823706 1 2 23 255 
-0.369476 -0.0119358 -0.174096 64 0 3 255 
-0.38407 0.0135814 0.00058879 0 0 0 255 
-0.373232 0.0969238 -0.0222323 61 1 15 255 
-0.382152 0.083698 -0.0534848 0 0 4 255 
-0.408189 0.0656889 -0.143053 58 0 0 255 
-0.380169 0.0373208 -0.121337 67 13 27 255 
-0.415401 0.0321722 -0.0747184 1 3 18 255 
-0.416692 0.0285371 -0.0455928 9 0 1 255 
-0.390583 0.0211727 -0.114476 56 1 6 255 
-0.410222 0.0566351 -0.0483649 8 0 0 255 
-0.371349 0.0303044 -0.0272678 21 23 43 255 
-0.387108 0.0261147 -0.121192 60 0 0 255 
-0.41132 0.0429989 -0.0678408 0 0 18 255 
-0.417232 0.0539387 -0.157033 67 0 12 255 
-0.377339 -0.00192081 -0.0118792 87 97 132 255 
-0.406914 0.00392592 -0.0585985 12 14 37 255 
-0.420968 -0.037654 -0.0253162 0 1 26 255 
-0.417458 0.0643861 -0.157068 85 43 83 255 
-0.387725 -0.0360017 -0.00726685 0 0 0 255 
-0.394687 -0.0329036 -0.156132 75 5 29 255 
-0.42009 -0.048314 -0.00477361 0 0 14 255 
-0.376452 0.038879 -0.148685 56 0 2 255 
-0.390435 0.0680726 -0.12164 1 0 5 255 
-0.37314 0.0968153 -0.0284144 64 2 14 255 
-0.396154 -0.0027582 0.0010048 83 85 130 255 
-0.427689 0.0156375 -0.162237 192 208 255 255 
-0.368349 0.0477017 -0.169158 74 0 4 255 
-0.366993 0.0511808 -0.164448 46 0 0 255 
-0.370821 -0.0130587 -0.167187 61 2 9 255 
-0.403543 0.0107821 0.000383481 0 0 4 255 
-0.380943 0.0517121 -0.142478 67 4 13 255 
-0.408062 0.0409298 -0.135762 82 11 27 255 
-0.372721 0.039776 -0.0133185 20 3 12 255 
-0.383025 0.019879 0.000225205 0 0 0 255 
-0.383096 0.0214716 -0.0807848 65 14 23 255 
-0.407112 0.0564093 -0.143774 73 5 16 255 
-0.381437 0.0446324 -0.0542579 0 0 10 255 
-0.423638 0.000444121 -0.0139253 76 84 131 255 
-0.407157 0.0594942 -0.0885002 3 5 26 255 
-0.388867 -0.000660669 -0.140465 152 143 186 255 
-0.416066 0.0289154 -0.000432637 0 0 1 255 
-0.384051 0.0270811 -0.0605876 1 1 13 255 
-0.420883 0.0421776 -0.166273 111 70 110 255 
-0.424814 0.00531719 -0.0326989 0 0 5 255 
-0.407838 0.0975816 -0.00935797 71 0 8 255 
-0.383703 0.0744616 -0.163299 62 3 9 255 
-0.400797 0.0260125 -5.11333e-05 0 0 6 255 
-0.376321 0.0699778 -0.0147245 68 8 23 255 
-0.386217 0.100942 -0.0356317 64 2 15 255 
-0.380677 0.0319925 -0.060144 0 0 10 255 
-0.382784 -0.0388839 -0.0109059 0 0 3 255 
-0.41629 0.0614091 -0.00831785 44 0 0 255 
-0.42254 -0.0237439 -0.16955 44 0 1 255 
-0.391269 0.0917168 -0.0516727 0 0 2 255 
-0.411168 0.0330559 -0.0802357 5 0 8 255 
-0.399129 0.0225134 -0.144583 54 0 0 255 
-0.374837 -0.00673106 -0.160489 64 8 18 255 
-0.381552 -0.0302087 -0.00468792 0 0 0 255 
-0.373322 0.0959293 -0.0342162 65 3 24 255 
-0.426327 0.0222817 -0.162514 124 132 168 255 
-0.400255 0.0953603 -0.0473555 53 1 5 255 
-0.384277 0.0196445 -0.149376 56 0 0 255 
-0.365603 0.0179801 -0.162995 77 84 126 255 
-0.380666 -0.02525 -0.0358379 0 0 8 255 
-0.373858 0.0535943 -0.155987 70 0 12 255 
-0.419959 0.0595543 -0.17217 50 2 2 255 
-0.405495 0.0248739 -0.121202 66 0 4 255 
-0.386551 0.0128207 -0.147866 55 0 0 255 
-0.424765 -0.00730646 -0.018815 0 4 18 255 
-0.415871 0.0492147 -0.0415875 54 0 18 255 
-0.37828 0.0388255 -0.101236 60 0 10 255 
-0.394887 -0.0744526 -0.00990739 2 0 21 255 
-0.40832 0.0301788 -0.148207 56 0 0 255 
-0.393112 -0.0235299 -0.153787 74 1 18 255 
-0.416479 0.0361247 -0.0890073 65 0 8 255 
-0.378965 0.0987508 -0.0225023 45 0 0 255 
-0.377087 0.0402129 -0.108257 60 0 5 255 
-0.374868 0.0316009 -0.0336332 12 0 6 255 
-0.423939 -0.0525719 -0.0112194 0 1 21 255 
-0.387743 0.0124724 -0.0601848 15 0 6 255 
-0.419285 0.0475881 -0.00853695 28 0 0 255 
-0.387291 -0.0225536 -0.146975 88 10 26 255 
-0.397428 -0.0636405 -0.00388643 0 0 0 255 
-0.417081 0.00425426 0.000414789 52 53 82 255 
-0.377146 0.0267222 -0.148497 64 1 11 255 
-0.398211 0.023218 -0.114139 62 0 1 255 
-0.41333 -0.0220126 -0.148323 141 66 96 255 
-0.409054 0.0230477 -0.0597362 55 16 21 255 
-0.375456 -0.0183793 -0.153375 100 26 53 255 
-0.417884 0.083492 -0.0297473 62 8 13 255 
-0.38061 0.0459085 -0.14259 69 6 14 255 
-0.385582 0.0591647 -0.000902388 49 0 3 255 
-0.394983 0.0455101 -0.000639532 63 2 6 255 
-0.378206 0.0772557 -0.0486367 32 0 3 255 
-0.420478 -0.000774703 -0.00795858 71 83 121 255 
-0.389828 0.0758466 -0.00157326 81 22 52 255 
-0.387452 0.0759911 -0.0082476 60 0 0 255 
-0.41765 0.0599987 -0.0280732 68 0 13 255 
-0.377968 0.0846722 -0.00448529 65 0 0 255 
-0.38074 0.0365179 -0.0068146 48 0 0 255 
-0.416564 0.0461394 -0.121888 71 0 6 255 
-0.405018 0.0176699 -0.141549 71 0 16 255 
-0.371148 0.0109424 -0.155091 167 149 197 255 
-0.38948 0.0250997 -0.101544 69 1 10 255 
-0.412437 0.0578784 -0.10943 2 0 4 255 
-0.392667 0.0198595 -0.0033985 0 0 0 255 
-0.378963 0.0583721 -0.142622 66 21 33 255 
-0.374194 0.0211752 -0.147709 60 0 8 255 
-0.374972 0.0851109 -0.0420198 64 5 23 255 
-0.415794 0.0384194 -0.0951155 78 2 14 255 
-0.408379 0.084179 -0.0133351 48 0 0 255 
-0.386207 0.0227033 -0.00456972 0 0 0 255 
-0.397035 0.0620142 -0.0755334 0 0 7 255 
-0.383346 0.0597039 -0.00767995 60 2 12 255 
-0.402093 0.0160503 -0.147315 68 0 1 255 
-0.429248 -0.0206257 -0.163139 159 180 237 255 
-0.413085 0.0584629 -0.0959153 4 2 11 255 
-0.384626 0.0231234 -0.14206 72 5 23 255 
-0.421055 0.0334246 -0.0145557 6 2 14 255 
-0.371789 0.0447923 -0.149126 95 40 63 255 
-0.388868 0.0214632 -0.145902 66 3 13 255 
-0.372722 0.0495257 -0.0341781 57 2 14 255 
-0.413843 0.0436919 -0.0751598 0 0 2 255 
-0.396624 0.0316492 -0.000212684 0 0 0 255 
-0.399909 0.0626577 0.000531435 81 25 54 255 
-0.38507 0.0133785 -0.0458922 54 1 17 255 
-0.392521 0.0839537 -0.00197541 69 5 15 255 
-0.406333 0.09431 -0.0447868 72 15 32 255 
-0.385373 0.0714255 -0.176895 81 13 34 255 
-0.421554 -0.00754108 -0.163324 77 6 14 255 
-0.421643 0.000766739 -0.163788 107 93 119 255 
-0.391513 -0.00664383 -0.140699 69 4 22 255 
-0.39266 0.00190604 0.000840016 26 25 51 255 
-0.413517 0.0593579 -0.148582 74 13 29 255 
-0.387938 -0.0609154 -0.0100675 0 0 0 255 
-0.425827 -0.0403785 -0.0187501 2 1 19 255 
-0.377942 0.00187974 -0.147632 54 0 0 255 
-0.40906 0.0169341 -0.0607896 83 17 31 255 
-0.394522 0.064396 -0.0683846 0 0 0 255 
-0.406802 0.0230955 -0.0946126 74 0 15 255 
-0.397467 0.00690456 0.000571262 0 0 1 255 
-0.368176 0.0349538 -0.155382 79 27 40 255 
-0.416256 -0.0147188 -0.154504 79 7 27 255 
-0.402637 -0.00409171 -0.141788 90 34 61 255 
-0.401098 0.0443969 0.00222677 83 34 63 255 
-0.378426 -0.0163117 -0.0118972 0 0 0 255 
-0.38769 -0.0355599 -0.16879 98 67 98 255 
-0.383609 -0.0372737 -0.0351105 0 0 2 255 
-0.382656 0.0655148 -0.135499 0 0 2 255 
-0.408382 0.0640178 -0.129655 2 2 16 255 
-0.400935 0.00205088 0.000552572 84 90 112 255 
-0.420924 -0.0386689 -0.0314574 0 0 3 255 
-0.405532 0.0994698 -0.03602 61 1 3 255 
-0.395713 0.0713348 -0.150087 80 16 37 255 
-0.385561 -0.0321432 -0.161624 57 0 11 255 
-0.372242 0.0199442 -0.153126 49 2 9 255 
-0.423634 -0.0124739 -0.0328064 2 3 23 255 
-0.414754 0.0883486 -0.0162102 51 1 5 255 
-0.420028 0.0335411 -0.031487 40 5 11 255 
-0.369386 0.01206 -0.168043 95 103 149 255 
-0.39196 -0.0315905 -0.00425282 0 0 0 255 
-0.407349 0.0639735 -0.0959792 1 0 5 255 
-0.413376 0.0391674 -0.0474462 57 0 9 255 
-0.415478 -0.0405156 0.00184975 0 0 7 255 
-0.384618 0.0206652 -0.0668237 19 0 2 255 
-0.382923 0.0226731 -0.0536069 25 1 1 255 
-0.405377 0.00800472 -0.0738083 0 0 10 255 
-0.368492 -0.00783045 -0.169507 51 0 11 255 
-0.394297 0.072161 -0.10955 0 0 10 255 
-0.413781 0.0357632 -0.149365 62 0 4 255 
-0.406495 -0.0392429 0.00186014 2 1 17 255 
-0.410982 0.0443974 -0.0561453 1 0 7 255 
-0.39 0.106107 -0.019307 74 0 29 255 
-0.423046 0.0311216 -0.00909809 0 0 2 255 
-0.392263 -0.017209 -0.147133 71 1 9 255 
-0.418495 0.0424373 -0.0145081 31 1 3 255 
-0.390983 0.0275881 1.59927e-05 0 0 8 255 
-0.380113 0.0341445 -0.0877698 56 0 3 255 
-0.397497 0.0749857 -0.172905 18 2 5 255 
-0.413359 0.00917863 0.000223231 0 0 12 255 
-0.417271 -0.0294517 -0.174246 66 0 6 255 
-0.42404 -0.00591321 -0.0126996 2 2 9 255 
-0.384031 0.0283165 -0.114793 69 0 7 255 
-0.412575 -0.00946689 -0.147837 66 6 8 255 
-0.37542 0.0609719 -0.00795092 61 8 18 255 
-0.377023 -0.000979986 -0.00501319 94 96 140 255 
-0.411274 0.0538582 -0.14989 50 0 0 255 
-0.415309 -0.0265274 -0.160457 61 2 11 255 
-0.372903 -0.0271242 -0.162188 8 0 18 255 
-0.377825 0.00881895 -0.0124996 0 0 4 255 
-0.407179 0.00565697 0.000525065 0 0 4 255 
-0.38135 -0.00624674 0.00145295 46 47 83 255 
-0.386875 0.0917652 -0.0021091 57 0 19 255 
-0.427045 -0.0210327 -0.0205565 0 0 8 255 
-0.412931 0.0600137 -0.116307 0 1 5 255 
-0.381483 0.0340505 -0.0945598 68 10 24 255 
-0.382288 0.0584021 -0.0751293 0 0 3 255 
-0.391621 0.0972976 -0.0475737 71 18 24 255 
-0.409917 0.0397011 -0.128982 71 5 24 255 
-0.405495 0.061446 -0.000716124 85 66 94 255 
-0.398612 -0.0528174 -0.00421583 0 0 2 255 
-0.377444 0.0309739 -0.0433884 32 0 6 255 
-0.423328 0.023756 -0.0369609 0 0 0 255 
-0.394722 0.0259998 -0.128358 51 0 1 255 
-0.396006 -0.0133352 -0.141287 77 10 28 255 
-0.37614 0.0564002 -0.0405107 56 1 7 255 
-0.410337 0.0310647 -0.0878018 78 9 30 255 
-0.376558 0.0443463 -0.00704392 50 0 10 255 
-0.397357 0.0109524 -0.141141 75 5 13 255 
-0.385126 0.0281937 -0.149005 90 27 35 255 
-0.370478 0.0303008 -0.0196133 59 85 122 255 
-0.419749 -0.0365654 -0.0104249 1 2 22 255 
-0.371971 0.0227394 -0.0201242 96 58 79 255 
-0.378138 0.0423732 -0.0700174 0 0 11 255 
-0.422963 -0.0276939 -0.0191303 0 0 15 255 
-0.388633 0.054166 -0.00105753 50 0 1 255 
-0.403333 -0.0647315 -0.00166186 2 3 17 255 
-0.398719 -0.028321 -0.160062 90 7 27 255 
-0.411177 0.000611126 -7.2401e-05 76 81 125 255 
-0.410363 0.0484366 -0.143095 58 2 5 255 
-0.413095 0.0342211 -0.0543921 41 3 12 255 
-0.416858 0.0277755 -0.155803 104 34 58 255 
-0.426802 -0.00371511 -0.163756 59 0 3 255 
-0.41708 -0.0195218 -0.00524352 0 2 15 255 
-0.377957 0.0619003 -0.101624 0 0 8 255 
-0.379323 0.0502079 -0.088368 12 1 20 255 
-0.379333 0.000163946 0.00100753 142 155 210 255 
-0.380163 0.0646039 -0.00254701 56 0 1 255 
-0.380511 0.0613773 -0.0479605 8 0 4 255 
-0.37256 0.0514177 -0.0139459 41 3 17 255 
-0.416669 0.0393985 -0.00755493 53 0 0 255 
-0.397625 0.0213658 -0.121405 57 1 4 255 
-0.386702 0.0140542 -0.0774292 67 4 15 255 
-0.3851 0.0164298 -0.0532916 36 2 1 255 
-0.412113 0.0553127 -0.136411 63 1 4 255 
-0.409493 0.0691187 -0.0488785 41 7 21 255 
-0.400871 0.0840626 -0.00196371 62 4 19 255 
-0.377043 0.0599276 -0.0139142 58 1 10 255 
-0.389188 0.0093728 -0.0736259 0 0 0 255 
-0.376082 0.0502851 -0.00775332 42 0 0 255 
-0.38079 0.0229754 -0.0415267 0 1 6 255 
-0.386127 0.0274167 -0.0945398 66 4 27 255 
-0.406968 -0.025524 -0.153995 67 3 17 255 
-0.372946 0.0218203 -0.00961399 7 0 1 255 
-0.412222 0.0319416 -0.0950026 65 4 16 255 
-0.384558 0.0626069 -0.142848 78 20 32 255 
-0.423723 0.0466065 -0.172048 59 0 2 255 
-0.424549 0.0284157 -0.02091 3 3 39 255 
-0.398055 0.104052 -0.0112332 82 20 45 255 
-0.416206 0.0432642 -0.0414829 41 1 4 255 
-0.414517 0.0508108 -0.10219 68 3 18 255 
-0.421955 -0.0219061 -0.153517 111 53 112 255 
-0.369565 0.026585 -0.155394 138 126 172 255 
-0.384561 0.0285669 -0.139092 46 0 2 255 
-0.376609 0.0675694 -0.164968 33 3 5 255 
-0.390788 0.0266719 -0.141675 65 3 12 255 
-0.39597 0.022936 -0.139543 75 13 26 255 
-0.39468 0.102523 -0.0216667 58 0 7 255 
-0.425644 0.0179166 -0.175633 66 0 7 255 
-0.379312 0.0482812 -0.12186 65 11 34 255 
-0.407965 -0.0658993 0.00382926 1 1 11 255 
-0.38598 0.00729073 -0.0459606 46 1 6 255 
-0.413456 0.0495134 -0.135842 66 0 5 255 
-0.372708 0.00423525 -0.0124405 0 1 19 255 
-0.427414 0.0018661 -0.0200419 32 46 88 255 
-0.372233 0.0656216 -0.169811 28 23 43 255 
-0.422864 -0.0347836 -0.00465752 0 0 2 255 
-0.395324 -0.0476683 0.00230462 4 5 17 255 
-0.37821 0.0535074 -0.0538827 0 0 8 255 
-0.382636 0.0669753 -0.115378 2 3 31 255 
-0.38091 -0.000771293 -0.153901 53 0 1 255 
-0.42792 0.000389384 -0.171206 61 5 16 255 
-0.408741 0.00984109 -0.0604406 0 0 12 255 
-0.426484 0.0173337 -0.169192 104 99 135 255 
-0.380165 0.0509676 -0.0473351 4 0 0 255 
-0.379757 0.0867366 -0.0479104 41 1 2 255 
-0.405319 0.0648275 -0.0825032 0 3 22 255 
-0.412735 0.0268643 -0.0566806 7 0 0 255 
-0.375483 0.0396286 -0.142478 75 3 25 255 
-0.368971 -0.0228774 -0.169288 130 129 173 255 
-0.385191 -0.0116858 0.00138329 1 2 12 255 
-0.384353 0.0197768 -0.060482 61 2 8 255 
-0.375504 0.0493734 -0.142261 56 0 2 255 
-0.386988 0.0144644 -0.0667542 45 1 5 255 
-0.414706 0.0775071 -0.0418101 58 0 14 255 
-0.377669 0.0767254 -0.0417508 73 6 24 255 
-0.408455 -0.00402621 -0.14889 54 0 0 255 
-0.391672 0.0535386 -0.00627327 62 0 1 255 
-0.424318 0.0253087 -0.0135433 28 2 14 255 
-0.423022 0.0150171 -0.15555 42 0 0 255 
-0.36641 0.00744991 -0.1747 78 1 17 255 
-0.397483 0.0224845 -0.0940732 63 0 7 255 
-0.409652 0.0318749 -0.142392 50 0 8 255 
-0.381188 -0.00665624 -0.154447 83 0 8 255 
-0.410031 -0.056178 0.00219264 1 1 13 255 
-0.421054 -0.0282429 -0.163541 81 23 38 255 
-0.382566 0.0290971 -0.127623 66 0 7 255 
-0.385517 0.0677249 -0.140125 51 0 5 255 
-0.36978 0.0550774 -0.0201965 59 17 39 255 
-0.394172 0.0934557 -0.00222315 76 13 44 255 
-0.412889 0.0586725 -0.0890387 2 0 11 255 
-0.368073 0.0601097 -0.162894 60 0 4 255 
-0.412453 0.057534 -0.075432 0 0 15 255 
-0.414212 0.0281216 -0.084402 67 3 23 255 
-0.387566 -0.0715283 -0.0107549 0 3 30 255 
-0.406778 0.0290265 -0.0941643 66 4 15 255 
-0.379788 0.0337478 -0.141886 40 0 0 255 
-0.427616 -0.0102081 -0.0144966 3 2 18 255 
-0.419784 -0.0421397 -0.0051282 0 0 13 255 
-0.381366 0.0324767 -0.150378 98 30 43 255 
-0.415168 -0.0667768 -0.00404222 0 0 18 255 
-0.40099 0.0704576 -0.109546 1 1 11 255 
-0.411735 -0.034428 0.00155022 0 0 15 255 
-0.378816 0.100891 -0.0159716 79 10 38 255 
-0.414101 0.0175416 0.00228024 0 0 0 255 
-0.363672 0.0311301 -0.169913 35 5 15 255 
-0.384355 0.0778245 -0.00120018 56 0 13 255 
-0.408678 -0.0434313 -0.00352295 0 0 0 255 
-0.423943 0.062673 -0.168767 119 101 135 255 
-0.386593 0.00928246 -0.139509 49 0 21 255 
-0.409287 0.0314659 -0.101366 71 8 29 255 
-0.416556 0.0711095 -0.0354003 85 16 26 255 
-0.4163 -0.02979 -0.00555533 0 0 4 255 
-0.384506 0.0653499 -0.109181 0 0 4 255 
-0.380975 0.0124057 -0.0416964 4 0 0 255 
-0.386974 0.0694401 -0.133817 1 0 6 255 
-0.373349 0.0382968 -0.0279471 0 0 10 255 
-0.392673 -0.0554395 0.00443022 0 2 33 255 
-0.414245 -0.0153478 0.00109329 3 5 27 255 
-0.369825 0.0235834 -0.16136 84 90 124 255 
-0.398686 0.0680166 -0.00165068 71 5 15 255 
-0.398696 -0.000636921 0.00755204 90 108 154 255 
-0.375533 -0.0213732 -0.167037 55 0 1 255 
-0.382601 -0.0303597 -0.010439 1 0 5 255 
-0.398912 -0.037313 -0.168735 166 171 226 255 
-0.411586 0.0417538 -0.0871169 74 16 20 255 
-0.412786 0.0263854 -0.144597 88 51 69 255 
-0.408344 0.0131814 -0.077413 13 0 0 255 
-0.419525 0.0200541 -0.00726636 0 0 8 255 
-0.397198 0.0696102 -0.0916458 1 1 20 255 
-0.403501 0.0694292 -0.116394 2 1 15 255 
-0.39549 0.0572849 -0.000655822 55 0 0 255 
-0.403747 -0.0315154 -0.161943 57 0 7 255 
-0.420182 0.0270168 -0.14997 68 0 15 255 
-0.371864 0.0650269 -0.0213016 58 0 7 255 
-0.417242 0.0425528 -0.106168 45 0 38 255 
-0.414515 0.0402827 -0.0537977 69 10 28 255 
-0.398162 0.0743545 -0.157526 61 0 10 255 
-0.409227 -0.0139524 -0.143117 80 0 25 255 
-0.401154 0.0256898 -0.135168 123 66 85 255 
-0.375135 0.000169282 -0.0325324 0 0 12 255 
-0.420823 0.0496831 -0.155226 32 0 2 255 
-0.371368 0.0735785 -0.0154859 81 15 25 255 
-0.411177 0.0881958 -0.00905672 103 17 33 255 
-0.378546 0.055503 -0.108807 1 0 8 255 
-0.377112 -0.0123816 -0.00492979 0 0 0 255 
-0.384353 0.0485667 -0.00744115 51 0 3 255 
-0.385942 0.0192436 -0.0733551 72 13 35 255 
-0.407439 -0.0186024 -0.00182346 0 1 6 255 
-0.421332 0.0315132 -0.0249014 117 121 156 255 
-0.417333 -0.0464372 8.22768e-05 0 1 22 255 
-0.426726 -0.0549329 -0.0158907 0 0 20 255 
-0.407781 0.0134219 -0.0656908 14 0 0 255 
-0.377604 -0.019013 -0.161953 50 0 1 255 
-0.369636 0.00612633 -0.169661 103 104 150 255 
-0.417145 -0.0304157 0.00143103 0 0 8 255 
-0.415177 0.00985454 -0.154563 66 0 2 255 
-0.383155 0.00836235 -0.150184 50 0 0 255 
-0.418308 0.0382641 -0.00204289 56 3 11 255 
-0.375893 0.0390276 -0.114971 65 0 3 255 
-0.405267 0.0612553 -0.140227 60 0 6 255 
-0.405536 -0.0231637 -0.14732 87 7 40 255 
-0.371615 0.0558977 -0.149025 104 28 56 255 
-0.397749 0.0246047 -0.101173 62 0 3 255 
-0.384714 -0.0439516 -0.0341469 0 0 5 255 
-0.392105 0.0797885 -0.00843035 60 0 0 255 
-0.367106 0.0503072 -0.156097 63 0 6 255 
-0.385396 0.0351412 -6.15418e-06 58 6 10 255 
-0.381343 0.0393511 -0.142659 83 1 15 255 
-0.391753 0.0124818 -0.141849 68 4 27 255 
-0.420055 0.0639224 -0.176185 68 0 2 255 
-0.392254 0.0632943 -0.0819936 0 0 3 255 
-0.380738 0.0334286 -0.100889 71 7 23 255 
-0.365787 0.0525448 -0.171426 59 0 2 255 
-0.382855 -0.00579126 -0.142837 75 20 43 255 
-0.392413 0.0710665 -0.14407 70 3 12 255 
-0.379198 0.0707156 -0.172008 44 42 43 255 
-0.399138 0.106634 -0.0229274 46 0 3 255 
-0.382611 0.0258873 0.000115894 0 0 2 255 
-0.416903 -0.0727216 -0.0127456 0 0 2 255 
-0.419118 -0.00642085 -0.148889 52 0 9 255 
-0.418271 0.0463247 -0.149874 57 5 18 255 
-0.401627 -0.0104543 0.00113456 0 0 0 255 
-0.365755 0.0313828 -0.175447 82 3 22 255 
-0.418161 -0.0555862 -0.000997078 10 13 28 255 
-0.417953 0.0260507 -0.00760644 0 0 2 255 
-0.368846 -0.00478587 -0.160502 36 51 92 255 
-0.411314 0.0556959 -0.0417054 66 9 28 255 
-0.416453 0.07025 -0.0288421 75 3 7 255 
-0.414707 0.0365126 -0.127643 91 31 57 255 
-0.383361 -0.0275923 -0.153798 76 9 26 255 
-0.363147 0.047394 -0.174581 71 0 13 255 
-0.393851 0.0120561 0.000469498 0 0 4 255 
-0.418905 0.0539184 -0.00946086 40 1 2 255 
-0.414579 0.0517124 -0.0817092 1 0 14 255 
-0.378574 -0.0265567 -0.00828931 0 0 0 255 
-0.391211 0.0683002 -0.106206 0 0 0 255 
-0.409776 0.0302703 -0.136731 69 6 33 255 
-0.376462 0.037957 -0.0844943 60 0 17 255 
-0.384143 -0.0128969 -0.00525229 1 0 5 255 
-0.386858 0.033199 -0.135238 58 0 0 255 
-0.4246 0.0344262 -0.0208838 31 45 98 255 
-0.38642 -0.0104077 -0.142596 163 159 194 255 
-0.402532 0.0636403 -0.0924094 0 0 0 255 
-0.383176 0.0660149 -0.122252 0 0 8 255 
-0.410222 0.0167099 -0.148517 67 0 0 255 
-0.40955 0.0483142 -0.000881206 83 3 30 255 
-0.412471 -0.0619713 0.00174832 6 9 22 255 
-0.412448 0.0449688 -0.00833396 53 1 8 255 
-0.402655 -0.0324599 0.00528894 0 0 2 255 
-0.378534 0.041676 -0.0487877 71 0 16 255 
-0.384514 0.0480702 -0.000714034 64 2 18 255 
-0.408861 -0.0318099 -0.00310066 0 0 2 255 
-0.417058 -0.05456 -0.00717578 0 1 15 255 
-0.412748 0.067466 -0.00837142 95 5 30 255 
-0.362729 0.0553207 -0.166557 38 0 15 255 
-0.414912 0.0336257 -0.105943 68 0 13 255 
-0.415974 0.00899234 -0.148433 32 1 0 255 
-0.40091 -0.019909 -0.141681 193 199 225 255 
-0.391301 0.0281673 -0.135147 56 0 1 255 
-0.375509 0.0138446 -0.14806 53 0 1 255 
-0.38691 0.10045 -0.0420322 61 1 13 255 
-0.379188 0.0505619 -0.0611481 1 0 6 255 
-0.391437 -0.0714287 -0.0237814 2 3 24 255 
-0.412308 0.0509902 -0.0551455 0 0 0 255 
-0.383661 0.0669523 -0.10188 0 1 5 255 
-0.380453 0.0323362 -0.135037 71 2 5 255 
-0.415189 0.0377103 -0.0682271 3 6 31 255 
-0.378438 0.0585741 -0.129072 11 0 2 255 
-0.407932 0.066847 -0.122627 1 0 6 255 
-0.411492 0.0614056 -0.157628 52 1 0 255 
-0.391477 -0.0289897 -0.160105 71 4 16 255 
-0.379536 0.0680926 -0.149664 74 2 13 255 
-0.39162 -0.0670569 -0.00324085 0 1 15 255 
-0.398549 0.0112744 0.00469804 4 5 26 255 
-0.404129 -0.0488329 0.00247466 1 5 24 255 
-0.415298 0.0754252 -0.0222864 50 5 11 255 
-0.41251 0.0338156 -0.00130062 0 0 0 255 
-0.412266 0.0525867 -0.0888373 8 2 10 255 
-0.384602 -0.0497401 -0.0328535 0 0 8 255 
-0.38027 0.0270237 -0.0808719 38 5 12 255 
-0.415542 0.0735959 -0.00861331 61 2 8 255 
-0.392369 0.0373119 -0.000335719 53 1 5 255 
-0.382965 0.0621851 -0.0954482 0 0 7 255 
-0.394411 -0.0265657 -0.147151 94 31 48 255 
-0.388476 -0.03932 0.0024902 0 0 17 255 
-0.41004 -0.0339908 -0.173275 81 0 16 255 
-0.413736 0.0638156 -0.162879 58 0 0 255 
-0.381967 0.00199579 -0.00581427 1 2 7 255 
-0.400558 0.104371 -0.0361933 67 7 33 255 
-0.378233 0.016395 -0.00159933 0 0 15 255 
-0.426299 -0.0022186 -0.00782951 3 4 32 255 
-0.382223 0.0375236 -0.137137 59 0 6 255 
-0.417037 0.055 -0.150254 64 2 14 255 
-0.387002 0.0644752 -0.148028 59 1 7 255 
-0.382637 -0.037811 -0.00462344 0 0 7 255 
-0.416953 0.0459585 -0.0888269 70 0 11 255 
-0.397084 -0.0311543 -0.165383 64 3 10 255 
-0.392315 0.0198672 -0.100924 67 2 10 255 
-0.414588 0.0696587 -0.157628 84 10 35 255 
-0.371096 0.0883134 -0.016178 71 0 16 255 
-0.426115 -0.0478157 -0.0148454 0 4 16 255 
-0.399873 0.0734284 0.000111662 82 29 59 255 
-0.380983 0.0540358 -0.010021 94 30 64 255 
-0.409833 -0.0291106 -0.162323 55 0 3 255 
-0.391136 0.0179131 0.00383922 0 0 13 255 
-0.40961 0.0527641 -0.0735438 0 3 12 255 
-0.375097 0.0117592 -0.004595 9 10 31 255 
-0.416986 0.01907 -0.155005 74 2 23 255 
-0.367676 0.0328294 -0.165293 41 58 102 255 
-0.382341 0.00444804 0.00373662 16 17 40 255 
-0.423426 0.0223468 -0.169542 126 122 173 255 
-0.424706 -0.00739483 -0.0268525 0 0 10 255 
-0.381 0.0146501 -0.149945 72 1 16 255 
-0.384861 0.0729926 -0.170223 74 69 89 255 
-0.413842 0.0180766 -0.0533694 56 0 17 255 
-0.412858 0.0436656 -0.10227 80 32 48 255 
-0.379305 0.00887931 -0.144187 86 49 67 255 
-0.422218 -0.0240798 -0.0259892 0 0 0 255 
-0.414513 0.0513943 -0.00251452 95 16 35 255 
-0.424035 0.0167465 -0.0332813 0 0 1 255 
-0.36466 0.0236417 -0.164595 77 78 110 255 
-0.377621 0.0564201 -0.11553 0 0 6 255 
-0.421796 0.0368694 -0.00969545 28 4 15 255 
-0.409072 0.0642668 -0.102387 13 2 8 255 
-0.420114 0.0305615 -0.164747 194 195 239 255 
-0.424598 -0.033276 -0.0106314 0 0 10 255 
-0.392851 0.00857908 -0.146201 63 0 1 255 
-0.420187 -0.0593902 -0.0110123 0 0 8 255 
-0.417323 -0.00540853 -0.157431 85 2 18 255 
-0.413355 -0.0737945 -0.0172234 121 119 140 255 
-0.402335 -0.0286786 -0.148387 67 0 7 255 
-0.381896 -0.034166 -0.165673 67 3 20 255 
-0.371159 -0.0160507 -0.160406 39 8 23 255 
-0.398725 0.0182832 0.000118311 0 0 3 255 
-0.424605 0.00872794 -0.163718 26 27 52 255 
-0.421998 0.0434939 -0.033683 31 0 2 255 
-0.403168 0.0687731 -0.1306 0 0 2 255 
-0.373685 0.0593625 -0.0211736 67 5 18 255 
-0.403715 -0.00444304 0.000739031 0 0 5 255 
-0.421306 -0.0562645 -0.0180908 22 23 41 255 
-0.381104 -0.0474684 -0.011014 1 0 16 255 
-0.381058 0.0962821 -0.0418506 61 2 12 255 
-0.421094 0.0286592 -0.0409678 0 0 11 255 
-0.38053 0.0357741 -0.0674285 0 0 7 255 
-0.380882 -0.0254818 -0.164348 60 0 2 255 
-0.374029 0.0350558 -0.0217598 0 2 24 255 
-0.395367 0.101913 -0.0293912 39 0 0 255 
-0.390025 -0.0028697 -0.147584 75 9 17 255 
-0.410198 0.0615653 -0.13649 67 2 8 255 
-0.41897 0.0105724 -0.000636958 7 17 52 255 
-0.419362 -0.0690644 -0.0244126 0 0 13 255 
-0.402475 0.0714453 -0.165386 46 2 15 255 
-0.402581 -0.0304136 -0.000223625 0 0 4 255 
-0.420926 -0.0015653 -0.000146747 136 143 197 255 
-0.383235 0.0247634 -0.0738591 0 0 18 255 
-0.426922 -0.000667047 -0.158683 74 54 113 255 
-0.416064 -9.60752e-06 -0.148088 61 0 0 255 
-0.375553 0.0334726 -0.0135473 15 0 2 255 
-0.395603 0.0253632 -0.00289768 0 0 1 255 
-0.374407 0.06728 -0.00803416 42 0 0 255 
-0.406092 0.0686147 -0.160902 53 0 0 255 
-0.363257 0.0389596 -0.166465 74 12 36 255 
-0.401056 -0.0437746 0.00507793 3 11 34 255 
-0.395226 0.0727138 -0.122132 0 0 12 255 
-0.378268 -0.0342345 -0.0248237 1 0 5 255 
-0.372402 0.0302924 -0.0388945 7 0 0 255 
-0.402694 0.0979156 -0.00661582 51 0 5 255 
-0.422443 0.0238384 -0.156007 55 0 8 255 
-0.380221 0.0422811 -0.000413742 76 8 33 255 
-0.379803 -0.0533225 -0.0133053 0 2 21 255 
-0.421254 0.0134848 -0.149539 27 0 0 255 
-0.411444 0.0512379 -0.129443 70 8 22 255 
-0.418774 -0.0116991 0.000781324 2 5 38 255 
-0.409018 -0.0659369 -0.00419215 0 0 0 255 
-0.392645 0.0660086 -0.0753834 0 0 12 255 
-0.411684 0.0792705 -0.00880428 97 24 51 255 
-0.427974 0.000563415 -0.0260283 8 25 69 255 
-0.407049 0.0116194 -0.148462 24 0 0 255 
-0.382242 -0.0483143 -0.024608 0 0 2 255 
-0.413082 0.0292979 -0.0511764 3 0 0 255 
-0.42137 0.0422098 -0.156633 106 73 95 255 
-0.416186 0.0575318 -0.038009 61 1 9 255 
-0.374099 0.0625886 -0.149508 22 0 31 255 
-0.367867 0.0408887 -0.155915 75 0 23 255 
-0.3673 0.0126336 -0.161 178 180 241 255 
-0.409087 0.000601597 -0.143114 87 10 30 255 
-0.372044 0.062836 -0.0354742 57 0 14 255 
-0.396667 -0.0384994 0.00217792 0 0 6 255 
-0.409858 0.0605122 -0.0821117 1 1 16 255 
-0.382877 0.0313326 -0.121618 64 1 18 255 
-0.421335 -0.0135526 -0.00739834 0 0 6 255 
-0.422772 0.0156564 -0.0207084 0 0 0 255 
-0.370375 -0.021677 -0.163477 146 145 189 255 
-0.37447 0.0439715 -0.10439 68 0 11 255 
-0.380152 0.0267751 -0.0664876 0 0 16 255 
-0.397573 -0.020477 -0.14728 69 0 5 255 
-0.408048 0.0732857 -0.165474 13 0 2 255 
-0.379814 0.0708496 -0.00277421 51 0 1 255 
-0.392487 -0.0371319 -0.00178811 0 0 4 255 
-0.403838 0.0447984 -0.00506916 46 0 2 255 
-0.420644 -0.029872 -0.0136172 1 3 18 255 
-0.396421 0.000775306 -0.141087 80 0 1 255 
-0.372573 0.0643629 -0.0149511 49 2 10 255 
-0.403231 0.0964223 -0.0134163 20 0 0 255 
-0.409463 0.0734784 -0.159697 78 15 26 255 
-0.405659 0.0197667 -0.0847123 61 1 1 255 
-0.368756 0.0267497 -0.169963 112 110 157 255 
-0.425707 -0.0461348 -0.0205416 1 0 18 255 
-0.369536 0.0801512 -0.0173947 59 0 9 255 
-0.382585 0.0913507 -0.0450801 62 1 19 255 
-0.384654 -0.0597029 -0.0054113 11 17 44 255 
-0.377704 0.033555 -0.117512 74 13 24 255 
-0.378292 0.038492 -0.132966 61 0 5 255 
-0.386377 -0.00676818 -0.00202761 21 22 35 255 
-0.402324 0.101391 -0.0235061 49 1 0 255 
-0.408139 -0.00364957 -0.0507179 74 4 14 255 
-0.377963 0.0588048 -0.0952693 0 0 12 255 
-0.374343 0.0681722 -0.037276 58 1 13 255 
-0.411315 0.00899732 -0.0538117 49 1 2 255 
-0.40983 0.0223048 -0.0812301 67 0 12 255 
-0.409157 0.0208926 -0.144475 65 1 16 255 
-0.405889 0.0665733 -0.088658 1 3 16 255 
-0.410466 0.0386002 -0.0926081 63 0 8 255 
-0.407778 0.0707141 -0.00850663 60 5 19 255 
-0.400903 0.091096 -0.0548303 0 1 13 255 
-0.422969 0.0292753 -0.0342352 0 0 0 255 
-0.36804 0.000165969 -0.174474 60 0 6 255 
-0.430201 0.0127416 -0.167267 46 44 84 255 
-0.421679 0.021412 -0.0173679 58 18 26 255 
-0.37595 0.0647153 -0.156548 64 0 6 255 
-0.378666 0.0363679 -0.045897 48 0 5 255 
-0.422052 0.018268 -0.162075 101 116 157 255 
-0.371834 0.0156384 -0.163344 120 125 173 255 
-0.408879 0.0498836 -0.00801841 42 0 1 255 
-0.379512 0.0613952 -0.089487 5 4 25 255 
-0.397895 -0.0132988 -0.147319 67 0 2 255 
-0.40791 0.0410669 -0.00133501 84 19 32 255 
-0.371014 0.0681786 -0.0283797 51 2 7 255 
-0.409062 0.014372 -0.0516485 38 0 2 255 
-0.402819 -0.0109141 0.00719121 1 0 14 255 
-0.416499 -0.0269346 -0.153397 93 39 55 255 
-0.380342 0.027789 -0.143456 54 0 0 255 
-0.384873 -0.0539018 -0.00414421 2 5 38 255 
-0.387039 0.0815449 -0.00605239 67 1 9 255 
-0.384955 0.0321885 -0.144398 48 0 0 255 
-0.388444 0.0451186 0.00249052 69 6 35 255 
-0.373285 -0.00154723 -0.154476 61 0 7 255 
-0.381346 -0.0622319 -0.0175344 0 0 7 255 
-0.416415 0.0781387 -0.0124361 121 57 73 255 
-0.394516 0.10421 -0.0386358 65 2 11 255 
-0.408934 0.101533 -0.0297731 52 0 7 255 
-0.374248 0.0325421 -0.148706 71 1 14 255 
-0.389519 0.0754755 -0.165431 2 3 31 255 
-0.411762 0.0185857 -0.0766237 49 1 1 255 
-0.379351 0.00559551 -0.153877 79 0 8 255 
-0.405926 0.0352562 -0.13816 66 0 1 255 
-0.403055 0.0265086 -0.0988636 61 0 10 255 
-0.423539 -0.0177463 -0.0251198 1 2 24 255 
-0.390364 -0.0172569 0.00142524 0 0 12 255 
-0.406392 0.0263514 0.00273298 0 1 16 255 
-0.417644 0.0924864 -0.0296131 87 8 29 255 
-0.379294 -0.0336466 -0.0180092 0 0 6 255 
-0.379868 -0.0289857 -0.159673 65 0 4 255 
-0.3796 -0.00865374 -0.147463 72 20 33 255 
-0.389517 0.0596935 -0.073713 0 0 0 255 
-0.403325 0.00874021 -0.141757 76 0 10 255 
-0.387634 -0.0265037 0.00212957 0 0 0 255 
-0.408908 0.0994482 -0.0148824 47 0 4 255 
-0.391051 0.0692416 -0.129664 0 0 2 255 
-0.416 0.0769225 -0.0290406 39 0 0 255 
-0.414834 0.0367461 -0.0610258 1 3 23 255 
-0.368525 0.0785308 -0.0256245 75 5 16 255 
-0.394682 0.0720445 -0.163499 55 3 26 255 
-0.376112 0.0519586 -0.125082 40 0 9 255 
-0.424104 -0.0339169 -0.0304185 0 0 4 255 
-0.377296 -0.0298007 -0.0140409 0 0 0 255 
-0.398353 0.0174211 -0.141505 59 9 20 255 
-0.420242 0.0461126 -0.0214249 51 56 85 255 
-0.389609 -0.0457525 0.00406856 12 21 38 255 
-0.38526 -0.0350735 -3.90559e-05 0 1 26 255 
-0.396414 -0.072137 -0.00366009 0 0 0 255 
-0.422219 -0.0511875 -0.0310859 0 1 19 255 
-0.409985 0.0684542 -0.153806 64 2 13 255 
-0.389429 -0.0211172 0.00589908 2 5 22 255 
-0.387016 0.0662439 -0.0888945 0 0 7 255 
-0.380373 0.0475763 -0.0670746 1 0 12 255 
-0.397437 0.0694629 -0.116381 1 0 8 255 
-0.373238 0.0174444 -0.0350614 0 0 6 255 
-0.400114 0.0662625 -0.0875357 1 1 13 255 
-0.381588 0.0534271 -0.00149024 88 10 36 255 
-0.415757 -0.00149767 -0.00309533 62 71 100 255 
-0.386118 -0.0666346 -0.0238874 0 0 9 255 
-0.407136 -0.0118202 -0.148376 60 0 0 255 
-0.416717 0.0745551 -0.165884 119 124 190 255 
-0.402307 -0.0175696 -0.149652 70 0 0 255 
-0.410252 0.0597224 -0.0103661 54 2 8 255 
-0.430198 0.0211687 -0.166768 163 155 204 255 
-0.408074 0.0211946 -0.0722989 73 5 18 255 
-0.415312 -0.0231889 0.00122696 0 0 8 255 
-0.375199 0.0661585 -0.0318834 67 1 3 255 
-0.379332 0.0156255 -0.00757911 1 1 27 255 
-0.40906 0.00665622 -0.143413 67 7 17 255 
-0.428504 -0.0147549 -0.164178 66 4 15 255 
-0.39282 -0.025004 -0.000977617 0 0 3 255 
-0.378835 -0.024745 -0.0303027 0 0 10 255 
-0.404271 0.0347239 0.00322959 70 23 39 255 
-0.418452 0.083227 -0.0227322 54 17 25 255 
-0.382666 -0.063998 -0.0110477 7 17 52 255 
-0.402264 0.0680352 -0.124791 0 0 2 255 
-0.375667 0.00568113 -0.0301883 0 0 0 255 
-0.384539 0.0280028 -0.0877779 57 0 9 255 
-0.383712 0.0839756 -0.0103765 75 2 13 255 
-0.378451 0.030284 -0.11228 69 0 9 255 
-0.414559 0.0836663 -0.0119196 50 1 4 255 
-0.383439 0.0277589 -0.101133 63 3 11 255 
-0.392023 0.00221634 -0.145319 59 0 0 255 
-0.391791 0.0857385 -0.00882952 57 0 0 255 
-0.411969 0.0117588 -0.144804 84 49 69 255 
-0.404943 0.0205224 3.49954e-05 0 0 7 255 
-0.420678 0.0479377 -0.0149295 1 0 14 255 
-0.422603 0.0539629 -0.0267695 19 20 41 255 
-0.417212 0.0783415 -0.0357164 47 0 0 255 
-0.39743 0.0383457 0.00290568 64 1 12 255 
-0.412979 0.0530043 -0.0620111 0 0 17 255 
-0.404922 0.0237838 -0.147269 67 1 5 255 
-0.409244 0.0972099 -0.0401845 0 0 1 255 
-0.382606 0.0582233 -0.0544527 0 1 17 255 
-0.396982 0.0656012 -0.00682207 59 1 0 255 
-0.400865 0.0774391 -0.00861292 52 1 0 255 
-0.420873 0.0687376 -0.163656 175 179 240 255 
-0.381541 -0.0192441 -0.000936698 6 11 43 255 
-0.412528 -0.00594663 0.00627873 0 0 4 255 
-0.388324 -0.0661819 -0.012918 1 1 11 255 
-0.394424 -0.0688949 -0.00807478 0 0 0 255 
-0.427745 0.00242796 -0.163655 93 88 113 255 
-0.425383 0.0331596 -0.164554 76 85 118 255 
-0.400001 -0.0213646 0.00655554 2 4 27 255 
-0.390017 -0.071466 -0.0296358 0 3 22 255 
-0.380633 0.0991495 -0.0364701 53 0 5 255 
-0.403982 0.0591761 -0.0811339 0 1 16 255 
-0.414718 0.0607788 -0.0141123 58 2 12 255 
-0.418484 0.00432753 -0.00541349 34 36 52 255 
-0.413131 0.0266677 -0.0744996 0 0 1 255 
-0.379418 0.0191258 -0.145736 70 18 28 255 
-0.402556 0.0983546 -0.0426732 58 4 18 255 
-0.412544 0.0713776 -0.015365 56 0 3 255 
-0.420374 -0.0121144 -0.148933 48 29 49 255 
-0.418075 0.0604635 -0.0220583 76 3 26 255 
-0.41268 0.0133039 -0.0576678 9 0 0 255 
-0.411653 -0.0278135 0.00448773 1 0 0 255 
-0.39372 0.051083 0.00137785 70 17 45 255 
-0.401158 -0.0415649 -0.000455912 0 0 1 255 
-0.407833 0.0548499 -0.0787076 0 2 9 255 
-0.378236 0.0471429 -0.101204 70 16 40 255 
-0.398595 0.0995384 -0.0151726 53 1 5 255 
-0.420948 0.0581009 -0.0330573 65 1 17 255 
-0.418962 0.0405225 -0.149688 93 15 37 255 
-0.41834 0.0731467 -0.0167499 73 15 26 255 
-0.385181 -0.00678775 -0.14812 60 2 6 255 
-0.37685 0.0563126 -0.00457834 96 17 48 255 
-0.377798 -0.0281414 -0.0196372 0 0 6 255 
-0.410741 0.00913466 -0.0695874 0 0 2 255 
-0.37638 -0.0101867 -0.0321691 0 0 6 255 
-0.370485 0.0853592 -0.0285874 46 0 3 255 
-0.417156 -0.00688214 -0.0415975 112 116 151 255 
-0.410111 -0.0170346 -0.148187 73 5 13 255 
-0.404441 0.0307638 -0.134485 50 0 0 255 
-0.398648 0.00283854 -0.0725729 0 0 0 255 
-0.386452 0.0700788 -0.125564 0 0 8 255 
-0.418566 0.0131851 -0.0400475 0 1 6 255 
-0.404871 -0.0179494 0.00657885 3 1 22 255 
-0.389791 -0.0279058 -0.150457 82 18 37 255 
-0.409319 0.0491096 -0.0444797 60 0 12 255 
-0.412407 0.0221045 -0.00326734 0 0 0 255 
-0.365792 -0.000791144 -0.168018 75 62 108 255 
-0.411975 0.0235447 -0.051803 3 0 0 255 
-0.370696 -0.0173788 -0.171078 59 0 5 255 
-0.42572 -0.0598639 -0.0196201 0 0 12 255 
-0.375786 0.0339797 -0.0920664 76 4 16 255 
-0.375676 0.0732386 -0.159999 129 151 201 255 
-0.382557 -0.0612682 -0.0242883 0 0 13 255 
-0.410028 0.0247856 -0.101443 71 0 11 255 
-0.409993 0.0457714 -0.132358 68 0 4 255 
-0.383322 -0.049429 -0.0160244 0 0 2 255 
-0.385921 0.0640518 -0.00430939 80 3 21 255 
-0.386812 -0.0668567 -0.00656692 0 1 6 255 
-0.403817 -0.00322693 0.00645531 81 92 120 255 
-0.378364 -0.0241984 -0.153889 120 60 89 255 
-0.389605 0.0666403 -0.100769 0 0 8 255 
-0.399421 0.0693646 -0.154219 56 2 12 255 
-0.363195 0.014064 -0.167756 189 199 248 255 
-0.380476 0.0364564 -0.0803937 9 0 3 255 
-0.381634 0.0655123 -0.00816768 70 10 28 255 
-0.402897 -0.012932 -0.14184 77 0 8 255 
-0.380971 -0.0446898 -0.0296204 2 5 36 255 
-0.38315 -0.0239886 -0.159178 70 0 11 255 
-0.376871 0.0563079 -0.0883198 0 0 2 255 
-0.426652 0.00406859 -0.0105252 73 75 113 255 
-0.416072 0.0223894 -0.045451 17 1 2 255 
-0.412467 0.0954183 -0.0300067 56 0 1 255 
-0.403858 0.0663625 -0.0627011 0 0 10 255 
-0.375378 0.0441915 -0.0328238 74 18 27 255 
-0.42086 0.0216669 -0.0321127 36 2 1 255 
-0.406966 0.0834724 -0.00298089 95 11 38 255 
-0.372427 -0.00760046 -0.0279113 84 97 139 255 
-0.413861 0.0501999 -0.0683819 0 5 27 255 
-0.408733 0.0709482 -0.0544057 3 11 30 255 
-0.411508 0.0622089 -0.122898 0 0 12 255 
-0.396185 -0.0100055 -0.051036 47 0 2 255 
-0.383038 0.0457494 -0.0460082 63 1 4 255 
-0.37233 0.0792116 -0.0404711 67 6 14 255 
-0.378162 0.0469818 -0.0950149 66 6 12 255 
-0.388943 -0.050754 0.000670198 0 0 17 255 
-0.428811 -0.00629894 -0.022868 113 117 155 255 
-0.408848 0.0580241 -0.153363 55 0 0 255 
-0.40557 0.0809748 -0.00898716 58 0 7 255 
-0.378571 0.0200302 -0.15144 75 7 21 255 
-0.404881 0.0653367 -0.153356 58 0 7 255 
-0.375905 0.0729547 -0.00701507 91 2 20 255 
-0.422793 -0.000383284 -0.0322647 103 124 167 255 
-0.421832 0.0115377 -0.0276096 1 1 13 255 
-0.38785 0.00658496 -0.059403 1 0 5 255 
-0.40258 -0.0318697 -0.153604 64 0 1 255 
-0.405262 0.0742704 -0.00207068 91 40 73 255 
-0.417183 -0.0614725 -0.00185165 2 9 37 255 
-0.385879 0.0641276 -0.0751407 1 0 8 255 
-0.411907 0.0028607 -0.0533939 56 0 1 255 
-0.412265 0.0358404 -0.135277 64 0 8 255 
-0.389185 -0.0500229 -0.00515567 0 0 5 255 
-0.392854 -0.0548755 -0.00554094 0 0 5 255 
-0.424441 0.0105746 -0.170935 87 91 129 255 
-0.426527 0.00721193 -0.158234 111 112 140 255 
-0.414986 0.00405406 -0.152229 73 0 5 255 
-0.420333 -0.0560552 -0.0249784 0 4 26 255 
-0.378551 0.0979505 -0.0304546 44 0 1 255 
-0.414965 0.0464372 -0.128707 82 4 26 255 
-0.427809 -0.00299325 -0.0161554 0 0 8 255 
-0.374304 0.0429602 -0.0984533 65 0 6 255 
-0.369843 0.0586407 -0.169306 71 0 13 255 
-0.401927 0.0195513 -0.0997247 71 0 12 255 
-0.379395 0.062077 -0.0409224 52 0 13 255 
-0.374474 0.0862994 -0.00883831 45 1 0 255 
-0.376664 0.0446209 -0.0390261 53 3 15 255 
-0.391847 0.0695529 -0.000381157 82 26 53 255 
-0.370024 -0.0103964 -0.161584 50 0 21 255 
-0.392008 0.022868 -0.121052 51 0 0 255 
-0.424229 -0.0639115 -0.0128265 0 1 22 255 
-0.418764 0.0502353 -0.161748 102 40 63 255 
-0.390938 0.0978205 -0.00428763 95 12 35 255 
-0.417206 0.0632985 -0.0370861 61 0 10 255 
-0.379735 0.006854 -0.00102474 0 0 4 255 
-0.378996 -0.0467224 -0.0189613 4 7 22 255 
-0.382727 0.0424184 -0.00715383 39 0 0 255 
-0.376185 0.023789 -0.0155135 6 0 6 255 
-0.383217 0.0304829 -0.00547442 0 0 0 255 
-0.40633 0.0675042 -0.107429 0 0 2 255 
-0.396505 -0.0146498 0.000572588 0 0 2 255 
-0.390107 0.00812009 -0.0667032 0 0 12 255 
-0.387001 -0.063824 -0.0299431 1 2 23 255 
-0.424122 -0.00362933 -0.0369432 121 136 177 255 
-0.420814 -0.0647666 -0.00611098 1 2 23 255 
-0.373235 0.0455799 -0.011643 27 0 4 255 
-0.394225 0.0684619 -0.158773 37 1 1 255 
-0.41018 0.056345 -0.122336 2 0 11 255 
-0.409039 0.0651067 -0.116287 0 0 8 255 
-0.385271 0.0966387 -0.00502354 104 19 42 255 
-0.382349 -0.0369796 -0.0293866 0 0 4 255 
-0.371166 0.0547896 -0.16258 85 21 47 255 
-0.378438 0.0474381 -0.00241492 36 0 0 255 
-0.375991 0.0935193 -0.0400208 59 0 4 255 
-0.421196 0.00705968 -0.155605 57 23 36 255 
-0.417526 0.0321119 -0.00741501 0 0 0 255 
-0.385242 0.0705096 -0.150148 78 3 24 255 
-0.412151 0.0637065 -0.0485454 27 3 12 255 
-0.376796 0.0894666 -0.0157718 69 2 20 255 
-0.404696 0.0681555 -0.101048 0 0 2 255 
-0.418064 0.0819231 -0.0170773 35 1 2 255 
-0.399395 0.0520428 0.000472818 74 11 33 255 
-0.387391 0.103041 -0.0103658 51 1 4 255 
-0.373714 0.00707817 -0.150509 94 39 58 255 
-0.386648 0.0407731 -0.000974961 75 2 19 255 
-0.372604 0.0103218 -0.0235508 0 0 7 255 
-0.415332 0.0238592 -0.149237 56 0 0 255 
-0.401396 0.0200382 -0.0900563 60 0 7 255 
-0.408536 -0.0223662 0.00516866 0 0 0 255 
-0.393145 0.00569619 -0.0712135 0 1 6 255 
-0.412637 0.0379302 -0.0741845 0 0 14 255 
-0.413882 0.0336425 -0.121355 87 15 29 255 
-0.405611 0.0226343 -0.114174 79 1 14 255 
-0.380359 0.089917 -0.00299341 52 1 0 255 
-0.407001 -0.0207591 -0.141857 208 218 255 255 
-0.416403 -0.0690856 -0.0301953 3 6 13 255 
-0.396757 0.0668566 -0.10023 0 0 2 255 
-0.385002 0.0607133 -0.0871954 0 0 2 255 
-0.371216 -0.00248091 -0.0134145 0 0 11 255 
-0.379434 -0.0241231 -0.0139459 0 1 15 255 
-0.389517 0.0327516 -0.00332656 4 0 0 255 
-0.42827 -0.0169482 -0.169814 62 4 18 255 
-0.385668 0.0945534 -0.0104404 82 0 17 255 
-0.416574 0.0407899 -0.119345 74 0 8 255 
-0.42021 0.0652622 -0.0291363 84 3 22 255 
-0.400177 0.0695661 -0.16023 52 1 0 255 
-0.406712 -0.00861689 -0.143056 82 9 36 255 
-0.402133 0.0645087 -0.144123 67 6 16 255 
-0.408348 0.0782002 -0.0545403 0 6 20 255 
-0.376731 0.0242714 -0.15499 86 2 26 255 
-0.366933 0.00579421 -0.164003 109 114 154 255 
-0.420275 0.0122229 -0.161329 143 135 184 255 
-0.416153 0.04723 -0.144341 70 1 20 255 
-0.394787 -0.0152964 0.00680713 0 0 4 255 
-0.392932 -0.0430162 -0.000238456 0 0 14 255 
-0.373675 0.0802849 -0.0288535 43 0 0 255 
-0.414331 0.0359447 -0.143031 60 0 9 255 
-0.375184 0.0701521 -0.0208867 42 0 4 255 
-0.379945 0.032675 -0.0741018 1 0 6 255 
-0.413129 0.0333417 -0.0455839 53 0 7 255 
-0.387106 -0.0152454 0.00661811 3 6 25 255 
-0.401602 0.00314566 -0.142485 70 1 10 255 
-0.381368 0.056326 -0.0450429 78 15 26 255 
-0.417885 -0.0176754 -0.16046 89 10 31 255 
-0.404328 0.0614665 -0.148655 61 1 8 255 
-0.41113 0.0588763 -0.00269156 93 12 33 255 
-0.417918 -0.00870975 -0.00428104 1 2 15 255 
-0.405276 0.0242596 -0.0890395 56 0 1 255 
-0.38876 0.00143749 0.00574356 114 124 166 255 
-0.401917 -0.0188222 0.00141536 0 0 0 255 
-0.375825 0.00488343 -0.00590539 0 0 2 255 
-0.419208 0.0658051 -0.170756 43 0 0 255 
-0.410828 0.00371431 0.00593058 89 95 129 255 
-0.404676 0.0891885 -0.00317186 84 1 19 255 
-0.416282 0.0308432 -0.147388 71 11 24 255 
-0.383986 0.0982098 -0.0149907 53 0 4 255 
-0.409611 0.0649801 -0.00282583 93 11 31 255 
-0.374174 -0.0224432 -0.158353 67 0 6 255 
-0.403914 -0.0361174 -0.00250101 0 0 0 255 
-0.409066 0.0097611 0.00440323 0 0 8 255 
-0.373705 0.0824377 -0.0207511 49 0 3 255 
-0.386936 -0.0166608 -0.14964 59 0 0 255 
-0.380259 0.0285432 -0.0960742 72 2 13 255 
-0.414171 -0.00573794 -0.15204 70 1 19 255 
-0.375835 -0.00678971 -0.00632114 45 50 74 255 
-0.412859 -0.00543195 -0.0475487 48 0 0 255 
-0.404263 0.0648391 -0.112707 0 0 2 255 
-0.416174 0.0935437 -0.0187394 75 4 22 255 
-0.390493 -0.0605752 0.00263003 0 0 20 255 
-0.423215 0.0344424 -0.0374157 3 0 0 255 
-0.381963 0.0744155 -0.00700215 78 7 24 255 
-0.385353 0.0224781 -0.0976009 67 0 10 255 
-0.388156 -0.0252469 -0.156444 65 0 7 255 
-0.397454 -0.0333741 -0.000576835 0 0 1 255 
-0.411605 0.0990584 -0.0344679 67 3 15 255 
-0.413388 0.0498022 -0.15531 82 1 20 255 
-0.397084 -0.0302045 -0.151308 65 1 15 255 
-0.390946 -0.0731816 -0.0172314 0 0 7 255 
-0.390266 -0.00566463 0.00682843 0 0 11 255 
-0.39695 0.0229529 0.00338351 3 12 29 255 
-0.390384 0.0638071 -0.0638644 0 0 8 255 
-0.416217 0.0375353 -0.15437 99 18 37 255 
-0.427223 0.0281478 -0.161726 111 124 169 255 
-0.397639 0.0889625 -0.000873707 83 24 46 255 
-0.415931 -0.00135035 0.00440502 91 102 139 255 
-0.399774 0.00501775 0.00634319 0 0 25 255 
-0.411546 0.0461038 -0.0916351 70 16 29 255 
-0.426676 -0.0355673 -0.0223982 2 1 6 255 
-0.396072 -0.0674349 0.000497144 7 9 31 255 
-0.381877 0.0553373 -0.085484 1 2 15 255 
-0.393884 0.00459108 0.00604247 1 5 30 255 
-0.392946 0.0034461 -0.0646291 0 0 8 255 
-0.408382 0.104178 -0.0208719 72 1 33 255 
-0.41396 0.0932629 -0.0246169 55 0 1 255 
-0.388313 -0.000799778 -0.0527741 49 1 0 255 
-0.377102 0.0320213 -0.00803243 10 0 2 255 
-0.416247 0.0598001 -0.153692 73 5 24 255 
-0.381959 0.0685581 -0.162932 54 0 0 255 
-0.375317 0.00169709 -0.160694 42 0 9 255 
-0.423895 0.0384691 -0.015215 38 37 69 255 
-0.394486 0.0598927 -0.00576734 60 0 0 255 
-0.384206 0.023033 -0.0911415 68 0 7 255 
-0.409177 0.0016391 -0.0482777 65 0 20 255 
-0.384775 0.022553 -0.114725 72 0 4 255 
-0.371182 0.00105995 -0.0183784 55 64 88 255 
-0.405153 0.00246388 0.00503493 92 100 138 255 
-0.378574 -0.0119773 -0.154222 62 0 4 255 
-0.379527 -0.0132236 -0.03649 0 0 7 255 
-0.400703 -0.0688809 -0.00602365 0 0 1 255 
-0.385746 0.0543073 -0.00635948 56 0 5 255 
-0.413659 0.0208702 -0.0633937 64 1 18 255 
-0.403559 -0.0462198 -0.00299832 0 0 0 255 
-0.378313 -0.0212123 -0.00541028 0 0 2 255 
-0.394567 0.0736389 -0.00472261 55 0 0 255 
-0.370501 0.0790695 -0.0339751 39 0 1 255 
-0.394971 -0.0573799 -0.000554152 0 0 15 255 
-0.382647 0.0283571 -0.108611 70 2 15 255 
-0.40814 0.0344135 -0.13141 68 0 14 255 
-0.379615 -0.0207485 -0.149253 60 0 3 255 
-0.413053 0.0416341 -0.149517 61 0 4 255 
-0.42054 -0.0579444 -0.0305996 0 1 19 255 
-0.387961 -0.0317501 -0.156317 53 27 66 255 
-0.397923 -0.00766437 -0.141966 79 3 14 255 
-0.408721 -0.0536089 -0.00316877 0 0 0 255 
-0.411126 0.0727603 -0.00317096 100 17 35 255 
-0.366341 0.0372163 -0.161005 17 0 5 255 
-0.417339 0.0580601 -0.162843 55 0 0 255 
-0.388382 0.0715646 -0.110155 0 0 24 255 
-0.404976 0.0869095 -0.00912205 64 0 2 255 
-0.423678 0.0242324 -0.00743448 0 0 9 255 
-0.424942 0.0217997 -0.0223074 49 0 6 255 
-0.412284 -0.0122125 0.00579081 0 0 20 255 
-0.410531 0.0915639 -0.00429842 100 13 30 255 
-0.422425 -0.00414712 -0.153204 69 3 20 255 
-0.371865 0.00439115 -0.155431 97 59 83 255 
-0.394291 0.0656088 -0.147677 69 6 17 255 
-0.3908 -0.0322017 -0.165035 64 0 3 255 
-0.421315 0.0358861 -0.167762 133 132 176 255 
-0.403953 -0.0546357 0.00118897 0 0 6 255 
-0.412322 0.0245638 0.00201002 0 0 0 255 
-0.372705 -0.0247457 -0.173467 60 0 0 255 
-0.409116 0.0732922 -0.171349 53 54 74 255 
-0.41546 0.0659213 -0.019974 49 2 8 255 
-0.377931 0.0440404 -0.112839 56 0 9 255 
-0.411979 0.0478995 -0.0853995 15 0 19 255 
-0.411009 0.0452433 -0.124191 79 11 36 255 
-0.364863 0.0555646 -0.160933 181 177 227 255 
-0.411795 0.0727554 -0.0439011 61 3 17 255 
-0.396024 -0.00646569 0.00712463 0 1 31 255 
-0.375982 0.0405793 -0.078531 2 0 11 255 
-0.38033 0.0716798 -0.0473128 64 2 13 255 
-0.371009 0.0505546 -0.151306 100 34 62 255 
-0.382582 0.00678937 -0.0410331 0 0 3 255 
-0.370855 0.0385567 -0.150895 73 1 25 255 
-0.372593 0.0797182 -0.0104358 86 15 47 255 
-0.376184 -0.00377836 -0.149231 55 0 5 255 
-0.379284 0.0287317 -0.0902091 65 0 8 255 
-0.411399 0.0377849 -0.00559141 45 0 0 255 
-0.398497 -0.000700923 -0.146439 83 2 9 255 
-0.384433 0.00162122 -0.0490124 72 6 16 255 
-0.385748 0.0694739 -0.157512 56 0 7 255 
-0.400286 -0.0747846 -0.0075303 1 1 12 255 
-0.42112 0.0587216 -0.158454 77 13 27 255 
-0.374461 0.0715935 -0.0456337 7 0 0 255 
